50 96 1
1 2 800
2 3 931
3 4 356
4 5 494
5 6 820
6 7 850
7 8 206
8 9 571
9 10 233
10 11 567
11 12 825
12 13 685
13 14 140
14 15 279
15 16 323
16 17 706
17 18 592
18 19 152
19 20 40
20 21 22
21 22 878
22 23 981
23 24 973
24 25 924
25 26 468
26 27 639
27 28 791
28 29 618
29 30 170
30 31 595
31 32 443
32 33 17
33 34 720
34 35 756
35 36 977
36 37 892
37 38 880
38 39 168
39 40 126
40 41 560
41 42 720
42 43 289
43 44 886
44 45 598
45 46 813
46 47 209
47 48 150
48 49 191
49 50 201
37 5 150
11 4 459
45 21 513
16 34 922
5 48 468
26 19 576
6 10 921
28 24 436
4 45 663
21 2 782
6 12 166
25 22 582
45 12 497
14 17 261
32 35 243
27 29 581
2 21 303
4 3 684
8 38 206
32 44 38
26 29 615
17 35 429
48 28 915
9 34 419
24 14 716
21 46 970
5 20 498
30 21 865
10 15 124
25 37 970
30 3 233
35 11 590
2 19 114
39 10 337
33 49 629
16 9 973
29 46 375
35 4 610
13 2 395
15 44 518
40 9 908
46 20 381
22 39 568
24 40 765
3 18 110
5 15 297
36 23 519
