100 201 1
1 2 392
2 3 865
3 4 982
4 5 506
5 6 734
6 7 392
7 8 251
8 9 760
9 10 671
10 11 879
11 12 537
12 13 64
13 14 290
14 15 677
15 16 158
16 17 513
17 18 912
18 19 67
19 20 788
20 21 52
21 22 653
22 23 65
23 24 92
24 25 80
25 26 454
26 27 159
27 28 49
28 29 515
29 30 144
30 31 478
31 32 422
32 33 267
33 34 83
34 35 377
35 36 131
36 37 97
37 38 739
38 39 414
39 40 683
40 41 847
41 42 99
42 43 459
43 44 405
44 45 962
45 46 437
46 47 543
47 48 244
48 49 124
49 50 867
50 51 992
51 52 106
52 53 659
53 54 78
54 55 165
55 56 923
56 57 156
57 58 839
58 59 248
59 60 727
60 61 553
61 62 75
62 63 26
63 64 688
64 65 712
65 66 781
66 67 339
67 68 195
68 69 999
69 70 727
70 71 458
71 72 707
72 73 472
73 74 331
74 75 53
75 76 145
76 77 989
77 78 844
78 79 192
79 80 67
80 81 152
81 82 524
82 83 993
83 84 25
84 85 372
85 86 628
86 87 223
87 88 903
88 89 514
89 90 90
90 91 666
91 92 735
92 93 620
93 94 393
94 95 691
95 96 299
96 97 214
97 98 178
98 99 107
99 100 243
68 24 762
11 71 143
74 25 460
2 58 212
92 28 946
75 71 194
1 80 207
51 50 660
89 9 874
41 2 655
2 6 430
54 5 17
20 15 840
58 72 64
26 25 843
86 57 820
53 20 965
59 93 169
58 27 336
60 42 70
18 24 944
53 55 954
46 78 976
69 7 566
36 62 962
40 53 396
74 43 886
36 33 71
3 84 637
4 25 863
64 2 564
50 78 116
96 9 861
33 59 729
73 28 558
96 46 904
33 79 716
65 50 188
52 85 763
51 53 170
74 78 836
40 89 724
66 87 809
48 15 13
79 26 790
20 62 307
34 46 866
1 26 999
36 18 565
47 76 894
43 97 81
40 60 449
63 10 802
41 16 293
13 70 15
8 17 423
1 38 882
92 47 576
59 2 898
28 73 592
89 44 376
64 54 617
43 99 721
86 96 221
32 89 475
53 33 24
37 68 871
92 50 430
26 78 444
83 13 58
17 84 707
85 4 653
68 91 202
65 64 945
11 21 719
81 46 396
75 82 652
24 37 99
40 90 544
89 38 22
30 47 1
42 55 959
34 27 208
64 21 365
100 78 531
99 40 652
97 3 701
62 45 436
55 58 77
61 38 841
56 11 820
51 78 465
44 28 858
26 46 455
69 31 93
62 34 127
38 89 297
83 42 838
43 2 89
76 7 655
8 25 315
38 96 76
