500 960 1
1 2 705
2 3 395
3 4 924
4 5 28
5 6 873
6 7 537
7 8 551
8 9 186
9 10 525
10 11 478
11 12 243
12 13 286
13 14 121
14 15 686
15 16 739
16 17 191
17 18 690
18 19 564
19 20 308
20 21 165
21 22 943
22 23 362
23 24 908
24 25 822
25 26 300
26 27 267
27 28 212
28 29 245
29 30 877
30 31 408
31 32 96
32 33 261
33 34 89
34 35 335
35 36 352
36 37 423
37 38 706
38 39 371
39 40 345
40 41 899
41 42 375
42 43 465
43 44 587
44 45 667
45 46 27
46 47 412
47 48 677
48 49 275
49 50 586
50 51 493
51 52 303
52 53 843
53 54 725
54 55 481
55 56 264
56 57 402
57 58 913
58 59 489
59 60 372
60 61 150
61 62 484
62 63 308
63 64 866
64 65 47
65 66 327
66 67 77
67 68 869
68 69 40
69 70 105
70 71 17
71 72 207
72 73 518
73 74 113
74 75 411
75 76 730
76 77 948
77 78 623
78 79 234
79 80 894
80 81 891
81 82 872
82 83 183
83 84 880
84 85 242
85 86 455
86 87 102
87 88 568
88 89 190
89 90 143
90 91 227
91 92 441
92 93 673
93 94 628
94 95 145
95 96 505
96 97 454
97 98 106
98 99 964
99 100 467
100 101 559
101 102 718
102 103 709
103 104 330
104 105 652
105 106 609
106 107 390
107 108 395
108 109 477
109 110 887
110 111 922
111 112 565
112 113 289
113 114 272
114 115 946
115 116 837
116 117 472
117 118 235
118 119 909
119 120 163
120 121 743
121 122 416
122 123 820
123 124 171
124 125 376
125 126 974
126 127 453
127 128 373
128 129 136
129 130 257
130 131 389
131 132 723
132 133 471
133 134 703
134 135 104
135 136 810
136 137 875
137 138 761
138 139 958
139 140 494
140 141 96
141 142 439
142 143 501
143 144 605
144 145 518
145 146 540
146 147 196
147 148 981
148 149 869
149 150 906
150 151 717
151 152 262
152 153 461
153 154 383
154 155 455
155 156 843
156 157 825
157 158 609
158 159 658
159 160 655
160 161 228
161 162 304
162 163 660
163 164 271
164 165 921
165 166 103
166 167 632
167 168 668
168 169 383
169 170 398
170 171 830
171 172 174
172 173 117
173 174 862
174 175 696
175 176 605
176 177 924
177 178 93
178 179 339
179 180 958
180 181 940
181 182 282
182 183 945
183 184 715
184 185 937
185 186 822
186 187 577
187 188 844
188 189 645
189 190 294
190 191 150
191 192 764
192 193 196
193 194 529
194 195 936
195 196 964
196 197 874
197 198 59
198 199 938
199 200 692
200 201 149
201 202 711
202 203 517
203 204 53
204 205 976
205 206 779
206 207 663
207 208 106
208 209 247
209 210 680
210 211 621
211 212 926
212 213 345
213 214 449
214 215 235
215 216 227
216 217 2
217 218 882
218 219 234
219 220 561
220 221 358
221 222 417
222 223 650
223 224 776
224 225 8
225 226 103
226 227 789
227 228 368
228 229 6
229 230 840
230 231 76
231 232 411
232 233 408
233 234 810
234 235 331
235 236 754
236 237 997
237 238 923
238 239 419
239 240 88
240 241 770
241 242 571
242 243 904
243 244 595
244 245 882
245 246 22
246 247 767
247 248 318
248 249 852
249 250 562
250 251 615
251 252 949
252 253 29
253 254 418
254 255 198
255 256 247
256 257 32
257 258 325
258 259 591
259 260 501
260 261 957
261 262 670
262 263 163
263 264 639
264 265 400
265 266 963
266 267 217
267 268 320
268 269 26
269 270 102
270 271 380
271 272 697
272 273 531
273 274 524
274 275 506
275 276 458
276 277 137
277 278 411
278 279 343
279 280 143
280 281 543
281 282 994
282 283 230
283 284 357
284 285 105
285 286 616
286 287 174
287 288 461
288 289 609
289 290 186
290 291 276
291 292 512
292 293 466
293 294 75
294 295 881
295 296 242
296 297 180
297 298 441
298 299 564
299 300 521
300 301 289
301 302 677
302 303 766
303 304 533
304 305 19
305 306 101
306 307 225
307 308 480
308 309 283
309 310 878
310 311 584
311 312 513
312 313 627
313 314 270
314 315 894
315 316 659
316 317 202
317 318 901
318 319 301
319 320 485
320 321 393
321 322 229
322 323 166
323 324 902
324 325 783
325 326 39
326 327 103
327 328 415
328 329 796
329 330 110
330 331 518
331 332 952
332 333 279
333 334 86
334 335 158
335 336 573
336 337 829
337 338 520
338 339 528
339 340 996
340 341 287
341 342 698
342 343 257
343 344 811
344 345 948
345 346 272
346 347 45
347 348 352
348 349 155
349 350 65
350 351 623
351 352 261
352 353 625
353 354 865
354 355 556
355 356 398
356 357 828
357 358 805
358 359 133
359 360 18
360 361 625
361 362 372
362 363 209
363 364 183
364 365 236
365 366 566
366 367 560
367 368 948
368 369 616
369 370 765
370 371 261
371 372 582
372 373 127
373 374 475
374 375 615
375 376 7
376 377 860
377 378 681
378 379 317
379 380 135
380 381 239
381 382 782
382 383 612
383 384 680
384 385 359
385 386 198
386 387 902
387 388 219
388 389 804
389 390 789
390 391 585
391 392 67
392 393 520
393 394 73
394 395 60
395 396 773
396 397 226
397 398 148
398 399 50
399 400 253
400 401 182
401 402 431
402 403 925
403 404 6
404 405 628
405 406 685
406 407 531
407 408 316
408 409 749
409 410 522
410 411 408
411 412 455
412 413 414
413 414 786
414 415 329
415 416 240
416 417 130
417 418 965
418 419 49
419 420 481
420 421 859
421 422 604
422 423 365
423 424 174
424 425 589
425 426 87
426 427 756
427 428 576
428 429 617
429 430 277
430 431 919
431 432 415
432 433 811
433 434 462
434 435 214
435 436 461
436 437 124
437 438 164
438 439 526
439 440 668
440 441 771
441 442 39
442 443 454
443 444 421
444 445 213
445 446 71
446 447 230
447 448 321
448 449 919
449 450 80
450 451 337
451 452 162
452 453 841
453 454 755
454 455 686
455 456 140
456 457 571
457 458 759
458 459 664
459 460 48
460 461 809
461 462 733
462 463 11
463 464 131
464 465 491
465 466 240
466 467 415
467 468 981
468 469 711
469 470 887
470 471 912
471 472 287
472 473 394
473 474 432
474 475 146
475 476 54
476 477 402
477 478 750
478 479 725
479 480 944
480 481 758
481 482 671
482 483 27
483 484 951
484 485 334
485 486 702
486 487 883
487 488 310
488 489 745
489 490 948
490 491 467
491 492 144
492 493 841
493 494 119
494 495 198
495 496 134
496 497 541
497 498 681
498 499 730
499 500 982
342 450 136
14 346 290
156 491 55
370 399 561
395 256 605
2 228 389
65 154 803
6 159 889
418 307 517
208 270 644
92 385 622
360 184 302
34 228 340
92 3 710
147 496 946
492 304 79
226 477 495
198 266 135
193 174 879
7 248 382
359 469 787
449 407 346
96 167 173
269 351 461
339 160 191
497 319 67
320 180 6
243 464 988
38 379 121
15 148 256
328 37 491
129 71 291
224 367 86
422 89 827
100 299 224
260 125 83
262 406 277
400 243 419
401 273 580
325 398 250
129 394 493
14 373 769
77 94 332
487 248 158
109 277 442
129 485 523
50 21 240
315 340 687
253 95 935
454 51 563
339 300 822
369 16 653
24 202 925
303 105 961
85 491 463
334 364 777
201 471 639
424 54 737
498 137 724
488 406 718
143 459 420
229 115 165
221 171 230
351 236 710
243 193 823
369 367 285
105 447 103
358 54 826
380 265 374
84 273 970
339 86 802
246 51 872
2 262 404
165 196 398
131 166 100
175 65 663
447 26 610
293 147 599
408 100 640
386 103 448
181 186 824
104 168 431
409 335 587
469 74 561
493 198 35
336 30 713
12 315 205
54 35 327
334 34 605
61 80 355
99 110 161
331 120 788
496 101 620
140 86 815
103 21 104
236 137 929
470 377 935
301 366 384
80 168 276
439 191 46
394 102 966
383 11 616
185 137 996
14 446 604
385 430 151
445 58 196
123 150 494
34 393 214
91 250 838
14 251 305
175 156 22
139 421 801
129 234 981
481 32 757
31 448 524
380 29 654
389 364 199
378 142 985
321 474 223
138 457 928
93 332 384
445 76 114
271 438 135
14 94 656
25 444 788
337 78 923
88 148 444
494 199 880
480 38 497
85 271 939
174 445 249
147 461 335
157 5 805
83 22 920
433 318 36
59 297 788
242 347 601
190 267 650
449 145 615
221 448 783
444 16 78
360 454 505
190 265 549
261 269 67
127 191 492
485 496 821
263 169 94
141 333 61
74 369 414
246 491 794
101 206 398
460 308 715
51 238 424
142 227 50
35 128 2
184 436 417
491 307 22
14 166 12
388 2 85
346 239 592
71 268 266
476 178 340
386 461 550
112 199 680
175 253 742
149 147 65
320 224 390
408 429 281
191 257 514
315 142 527
294 194 294
125 408 220
219 68 278
393 395 6
26 9 756
486 142 482
56 12 501
266 257 796
241 81 966
458 474 736
298 433 214
310 227 516
182 495 677
206 19 601
19 488 555
299 456 166
322 321 467
298 43 161
191 285 142
241 345 990
124 464 196
39 161 174
311 419 921
463 311 657
246 272 640
95 268 646
186 255 392
277 111 814
90 44 755
56 405 708
162 404 38
68 4 132
301 145 162
298 464 261
175 13 929
76 337 713
211 10 101
113 298 986
364 302 228
433 291 382
220 158 12
180 307 733
391 175 298
40 419 734
468 434 729
312 341 500
259 22 731
45 138 535
347 57 316
280 226 281
140 449 88
283 258 599
199 393 203
290 318 443
374 80 95
331 108 187
40 213 406
173 390 964
117 484 133
102 459 68
122 340 416
486 237 979
223 185 787
47 450 690
288 467 478
80 430 290
191 364 10
181 243 582
21 115 9
26 297 658
495 281 684
141 350 467
234 420 518
189 386 557
444 74 500
426 6 807
311 208 89
88 368 359
274 170 798
411 60 439
404 316 199
78 330 361
444 119 53
83 21 275
333 388 204
115 263 575
27 195 31
39 347 978
41 497 669
160 337 129
79 27 433
290 364 6
479 322 857
85 63 887
319 105 554
397 168 904
473 217 413
245 8 664
121 59 994
39 132 962
89 408 537
187 291 49
123 496 225
102 393 494
282 71 576
120 289 935
212 258 399
225 291 965
46 439 550
219 470 429
239 110 29
110 162 20
83 385 486
173 262 926
118 306 694
258 354 607
12 141 654
317 53 72
140 207 906
412 97 920
439 200 4
300 62 757
421 380 49
39 446 509
454 384 46
27 282 10
474 358 1
169 8 915
356 189 802
382 14 50
468 326 285
181 336 720
127 389 15
441 79 484
49 412 152
179 389 556
300 404 951
318 332 639
314 140 545
159 199 277
136 39 37
158 119 631
14 294 520
139 127 159
207 96 521
366 416 443
387 79 826
170 222 356
340 399 804
144 360 234
103 211 787
109 45 506
410 44 439
98 37 370
18 2 524
89 82 888
220 164 633
413 257 988
6 176 374
243 206 894
300 90 504
13 428 728
34 499 838
28 163 536
86 193 773
442 72 809
149 330 32
94 142 960
416 474 272
140 403 759
183 493 862
333 249 799
107 414 243
137 410 968
369 166 350
247 92 700
349 351 73
377 310 738
344 368 727
321 183 116
151 309 496
445 311 332
266 69 863
103 164 585
272 110 747
245 376 337
412 479 580
167 221 558
180 357 567
295 81 235
164 174 406
191 51 163
335 303 905
330 143 662
11 478 20
463 419 966
493 23 413
419 252 888
336 158 921
73 138 888
236 242 720
490 93 335
244 322 740
299 389 521
309 307 886
357 71 143
401 15 521
348 448 574
454 322 150
83 238 764
444 127 201
423 259 32
417 248 304
26 282 359
183 401 561
36 229 296
241 260 293
120 376 293
469 355 364
429 361 873
364 198 434
479 259 286
247 134 714
393 108 424
13 419 643
37 314 264
111 363 556
111 81 553
407 489 211
408 45 14
298 466 450
230 136 994
345 45 235
470 225 696
354 1 596
410 300 339
309 65 345
162 139 719
67 274 456
304 241 485
19 450 804
74 300 813
107 217 32
220 103 589
201 263 636
157 120 752
232 39 683
95 362 911
109 215 490
237 229 712
471 14 554
268 471 589
62 230 817
333 37 411
412 164 874
393 31 911
319 86 587
466 187 255
450 468 55
259 430 501
424 328 919
475 280 423
447 263 309
316 231 198
134 100 205
124 143 33
8 336 610
355 484 279
358 429 607
458 207 210
500 409 666
36 113 137
31 460 130
151 476 278
299 236 571
310 363 703
156 493 921
488 6 455
7 460 350
18 142 549
393 116 571
436 128 865
245 122 497
451 465 99
222 206 42
498 27 543
345 431 906
48 500 829
61 158 28
76 442 432
94 102 530
