1000 2283 1
1 2 388
2 3 49
3 4 969
4 5 369
5 6 288
6 7 106
7 8 478
8 9 666
9 10 852
10 11 408
11 12 346
12 13 337
13 14 473
14 15 696
15 16 98
16 17 769
17 18 479
18 19 868
19 20 78
20 21 268
21 22 382
22 23 118
23 24 729
24 25 94
25 26 652
26 27 32
27 28 410
28 29 233
29 30 468
30 31 315
31 32 675
32 33 164
33 34 610
34 35 708
35 36 525
36 37 229
37 38 163
38 39 926
39 40 324
40 41 32
41 42 475
42 43 328
43 44 318
44 45 869
45 46 466
46 47 558
47 48 930
48 49 2
49 50 458
50 51 108
51 52 136
52 53 979
53 54 972
54 55 623
55 56 121
56 57 419
57 58 788
58 59 370
59 60 572
60 61 202
61 62 16
62 63 730
63 64 64
64 65 747
65 66 439
66 67 695
67 68 287
68 69 606
69 70 98
70 71 22
71 72 984
72 73 555
73 74 104
74 75 209
75 76 935
76 77 675
77 78 262
78 79 871
79 80 687
80 81 693
81 82 107
82 83 601
83 84 16
84 85 736
85 86 269
86 87 733
87 88 223
88 89 143
89 90 724
90 91 934
91 92 295
92 93 554
93 94 287
94 95 675
95 96 638
96 97 40
97 98 459
98 99 545
99 100 663
100 101 722
101 102 946
102 103 656
103 104 14
104 105 71
105 106 851
106 107 972
107 108 132
108 109 670
109 110 582
110 111 593
111 112 409
112 113 270
113 114 311
114 115 900
115 116 781
116 117 221
117 118 564
118 119 182
119 120 280
120 121 23
121 122 596
122 123 60
123 124 670
124 125 297
125 126 574
126 127 780
127 128 531
128 129 609
129 130 610
130 131 518
131 132 943
132 133 794
133 134 146
134 135 157
135 136 625
136 137 750
137 138 967
138 139 270
139 140 457
140 141 182
141 142 909
142 143 769
143 144 634
144 145 349
145 146 706
146 147 737
147 148 535
148 149 559
149 150 560
150 151 707
151 152 787
152 153 606
153 154 664
154 155 358
155 156 110
156 157 598
157 158 833
158 159 55
159 160 214
160 161 645
161 162 140
162 163 769
163 164 788
164 165 972
165 166 95
166 167 193
167 168 7
168 169 523
169 170 770
170 171 103
171 172 711
172 173 611
173 174 779
174 175 521
175 176 832
176 177 799
177 178 740
178 179 674
179 180 770
180 181 884
181 182 772
182 183 191
183 184 640
184 185 109
185 186 827
186 187 541
187 188 733
188 189 144
189 190 885
190 191 857
191 192 970
192 193 188
193 194 678
194 195 135
195 196 1
196 197 940
197 198 528
198 199 618
199 200 940
200 201 947
201 202 484
202 203 243
203 204 171
204 205 437
205 206 454
206 207 278
207 208 571
208 209 557
209 210 422
210 211 480
211 212 599
212 213 274
213 214 341
214 215 162
215 216 821
216 217 180
217 218 861
218 219 605
219 220 183
220 221 3
221 222 896
222 223 385
223 224 256
224 225 210
225 226 436
226 227 272
227 228 659
228 229 870
229 230 538
230 231 500
231 232 508
232 233 305
233 234 13
234 235 598
235 236 720
236 237 153
237 238 836
238 239 333
239 240 836
240 241 24
241 242 558
242 243 509
243 244 396
244 245 513
245 246 417
246 247 257
247 248 760
248 249 191
249 250 627
250 251 572
251 252 928
252 253 550
253 254 171
254 255 113
255 256 971
256 257 136
257 258 505
258 259 576
259 260 257
260 261 203
261 262 920
262 263 157
263 264 714
264 265 418
265 266 4
266 267 109
267 268 485
268 269 430
269 270 505
270 271 657
271 272 501
272 273 725
273 274 551
274 275 872
275 276 76
276 277 522
277 278 792
278 279 900
279 280 544
280 281 763
281 282 958
282 283 689
283 284 414
284 285 227
285 286 148
286 287 358
287 288 718
288 289 116
289 290 255
290 291 147
291 292 129
292 293 658
293 294 892
294 295 531
295 296 92
296 297 179
297 298 575
298 299 685
299 300 388
300 301 593
301 302 261
302 303 21
303 304 384
304 305 735
305 306 992
306 307 544
307 308 923
308 309 998
309 310 5
310 311 699
311 312 439
312 313 363
313 314 140
314 315 637
315 316 196
316 317 943
317 318 309
318 319 698
319 320 659
320 321 224
321 322 125
322 323 193
323 324 286
324 325 109
325 326 49
326 327 171
327 328 422
328 329 97
329 330 191
330 331 983
331 332 973
332 333 608
333 334 517
334 335 238
335 336 563
336 337 471
337 338 105
338 339 354
339 340 533
340 341 25
341 342 255
342 343 230
343 344 949
344 345 638
345 346 200
346 347 414
347 348 539
348 349 868
349 350 147
350 351 11
351 352 257
352 353 487
353 354 347
354 355 822
355 356 600
356 357 316
357 358 706
358 359 518
359 360 725
360 361 892
361 362 594
362 363 294
363 364 70
364 365 561
365 366 45
366 367 662
367 368 812
368 369 953
369 370 148
370 371 316
371 372 567
372 373 693
373 374 94
374 375 101
375 376 756
376 377 414
377 378 180
378 379 430
379 380 600
380 381 251
381 382 853
382 383 79
383 384 612
384 385 480
385 386 380
386 387 404
387 388 936
388 389 70
389 390 546
390 391 885
391 392 400
392 393 6
393 394 371
394 395 584
395 396 789
396 397 874
397 398 892
398 399 980
399 400 220
400 401 624
401 402 884
402 403 409
403 404 839
404 405 53
405 406 88
406 407 152
407 408 513
408 409 876
409 410 365
410 411 534
411 412 510
412 413 496
413 414 32
414 415 386
415 416 235
416 417 594
417 418 120
418 419 69
419 420 556
420 421 983
421 422 628
422 423 853
423 424 482
424 425 582
425 426 881
426 427 401
427 428 620
428 429 655
429 430 967
430 431 340
431 432 565
432 433 421
433 434 563
434 435 184
435 436 844
436 437 855
437 438 37
438 439 389
439 440 907
440 441 42
441 442 850
442 443 136
443 444 971
444 445 315
445 446 670
446 447 981
447 448 930
448 449 906
449 450 584
450 451 784
451 452 192
452 453 876
453 454 160
454 455 551
455 456 582
456 457 686
457 458 800
458 459 901
459 460 335
460 461 272
461 462 885
462 463 880
463 464 376
464 465 583
465 466 738
466 467 306
467 468 934
468 469 354
469 470 17
470 471 851
471 472 644
472 473 508
473 474 73
474 475 813
475 476 276
476 477 234
477 478 360
478 479 372
479 480 430
480 481 977
481 482 780
482 483 470
483 484 373
484 485 25
485 486 388
486 487 119
487 488 734
488 489 825
489 490 289
490 491 886
491 492 130
492 493 186
493 494 234
494 495 733
495 496 10
496 497 552
497 498 365
498 499 44
499 500 358
500 501 129
501 502 671
502 503 403
503 504 526
504 505 788
505 506 356
506 507 706
507 508 172
508 509 693
509 510 429
510 511 896
511 512 275
512 513 946
513 514 28
514 515 394
515 516 833
516 517 92
517 518 607
518 519 260
519 520 938
520 521 802
521 522 159
522 523 929
523 524 101
524 525 855
525 526 546
526 527 842
527 528 259
528 529 533
529 530 997
530 531 588
531 532 586
532 533 938
533 534 965
534 535 632
535 536 917
536 537 528
537 538 328
538 539 195
539 540 498
540 541 831
541 542 703
542 543 271
543 544 457
544 545 20
545 546 760
546 547 444
547 548 833
548 549 651
549 550 330
550 551 120
551 552 30
552 553 472
553 554 899
554 555 887
555 556 893
556 557 77
557 558 161
558 559 774
559 560 158
560 561 821
561 562 782
562 563 246
563 564 305
564 565 41
565 566 166
566 567 979
567 568 886
568 569 904
569 570 129
570 571 456
571 572 829
572 573 70
573 574 800
574 575 958
575 576 818
576 577 753
577 578 281
578 579 849
579 580 475
580 581 222
581 582 542
582 583 127
583 584 776
584 585 811
585 586 876
586 587 44
587 588 631
588 589 815
589 590 823
590 591 138
591 592 989
592 593 534
593 594 17
594 595 549
595 596 578
596 597 911
597 598 121
598 599 893
599 600 672
600 601 167
601 602 656
602 603 879
603 604 469
604 605 590
605 606 257
606 607 115
607 608 23
608 609 839
609 610 36
610 611 88
611 612 205
612 613 47
613 614 925
614 615 417
615 616 448
616 617 749
617 618 445
618 619 722
619 620 444
620 621 293
621 622 633
622 623 989
623 624 174
624 625 593
625 626 313
626 627 572
627 628 537
628 629 970
629 630 13
630 631 615
631 632 97
632 633 38
633 634 482
634 635 756
635 636 95
636 637 178
637 638 250
638 639 873
639 640 414
640 641 701
641 642 328
642 643 855
643 644 946
644 645 698
645 646 961
646 647 869
647 648 327
648 649 196
649 650 121
650 651 855
651 652 284
652 653 97
653 654 127
654 655 263
655 656 237
656 657 124
657 658 209
658 659 968
659 660 137
660 661 353
661 662 700
662 663 453
663 664 341
664 665 992
665 666 619
666 667 186
667 668 181
668 669 364
669 670 13
670 671 581
671 672 114
672 673 916
673 674 625
674 675 129
675 676 420
676 677 989
677 678 447
678 679 494
679 680 619
680 681 886
681 682 896
682 683 451
683 684 781
684 685 239
685 686 945
686 687 959
687 688 460
688 689 83
689 690 167
690 691 805
691 692 723
692 693 909
693 694 899
694 695 89
695 696 818
696 697 316
697 698 35
698 699 569
699 700 26
700 701 702
701 702 342
702 703 779
703 704 143
704 705 904
705 706 417
706 707 103
707 708 421
708 709 416
709 710 568
710 711 175
711 712 829
712 713 450
713 714 501
714 715 318
715 716 733
716 717 21
717 718 621
718 719 157
719 720 426
720 721 139
721 722 112
722 723 826
723 724 279
724 725 858
725 726 843
726 727 561
727 728 933
728 729 973
729 730 503
730 731 951
731 732 196
732 733 549
733 734 915
734 735 351
735 736 282
736 737 578
737 738 29
738 739 975
739 740 830
740 741 517
741 742 592
742 743 226
743 744 365
744 745 79
745 746 365
746 747 530
747 748 70
748 749 904
749 750 736
750 751 132
751 752 167
752 753 632
753 754 711
754 755 909
755 756 743
756 757 113
757 758 749
758 759 388
759 760 219
760 761 425
761 762 275
762 763 454
763 764 480
764 765 939
765 766 727
766 767 607
767 768 809
768 769 829
769 770 24
770 771 60
771 772 551
772 773 665
773 774 259
774 775 879
775 776 942
776 777 518
777 778 333
778 779 417
779 780 18
780 781 517
781 782 169
782 783 819
783 784 859
784 785 736
785 786 688
786 787 317
787 788 913
788 789 742
789 790 431
790 791 508
791 792 615
792 793 307
793 794 557
794 795 221
795 796 169
796 797 26
797 798 460
798 799 503
799 800 739
800 801 215
801 802 33
802 803 45
803 804 892
804 805 367
805 806 488
806 807 111
807 808 699
808 809 177
809 810 225
810 811 510
811 812 730
812 813 300
813 814 398
814 815 293
815 816 506
816 817 485
817 818 52
818 819 645
819 820 429
820 821 401
821 822 993
822 823 186
823 824 226
824 825 149
825 826 904
826 827 123
827 828 822
828 829 435
829 830 91
830 831 868
831 832 662
832 833 869
833 834 833
834 835 207
835 836 696
836 837 233
837 838 621
838 839 899
839 840 948
840 841 773
841 842 937
842 843 425
843 844 834
844 845 869
845 846 214
846 847 259
847 848 54
848 849 346
849 850 811
850 851 958
851 852 798
852 853 410
853 854 257
854 855 94
855 856 584
856 857 385
857 858 980
858 859 595
859 860 956
860 861 934
861 862 832
862 863 219
863 864 177
864 865 272
865 866 367
866 867 691
867 868 257
868 869 535
869 870 496
870 871 287
871 872 484
872 873 239
873 874 207
874 875 421
875 876 926
876 877 279
877 878 169
878 879 56
879 880 59
880 881 105
881 882 152
882 883 652
883 884 47
884 885 621
885 886 741
886 887 589
887 888 762
888 889 208
889 890 970
890 891 887
891 892 68
892 893 493
893 894 509
894 895 953
895 896 901
896 897 985
897 898 108
898 899 90
899 900 115
900 901 904
901 902 728
902 903 637
903 904 408
904 905 808
905 906 37
906 907 98
907 908 500
908 909 333
909 910 256
910 911 961
911 912 511
912 913 792
913 914 340
914 915 566
915 916 363
916 917 142
917 918 295
918 919 114
919 920 59
920 921 673
921 922 846
922 923 484
923 924 466
924 925 154
925 926 210
926 927 593
927 928 579
928 929 537
929 930 101
930 931 333
931 932 168
932 933 688
933 934 109
934 935 634
935 936 898
936 937 198
937 938 258
938 939 856
939 940 937
940 941 492
941 942 970
942 943 919
943 944 199
944 945 216
945 946 90
946 947 821
947 948 644
948 949 946
949 950 947
950 951 672
951 952 861
952 953 429
953 954 258
954 955 926
955 956 658
956 957 619
957 958 545
958 959 777
959 960 514
960 961 150
961 962 9
962 963 823
963 964 525
964 965 607
965 966 688
966 967 8
967 968 97
968 969 17
969 970 984
970 971 185
971 972 715
972 973 277
973 974 80
974 975 933
975 976 891
976 977 145
977 978 166
978 979 648
979 980 668
980 981 363
981 982 20
982 983 721
983 984 946
984 985 200
985 986 216
986 987 496
987 988 672
988 989 677
989 990 912
990 991 281
991 992 520
992 993 891
993 994 623
994 995 179
995 996 801
996 997 845
997 998 203
998 999 351
999 1000 888
806 792 115
176 241 904
182 833 750
300 592 87
727 238 519
787 732 377
361 545 680
699 370 255
54 724 271
825 33 55
857 629 865
341 599 910
586 183 174
306 499 41
599 106 686
990 447 277
474 146 728
848 533 393
104 462 235
798 852 356
527 963 205
104 634 1000
401 360 628
773 33 810
665 907 427
60 529 461
249 795 558
254 566 445
793 672 845
718 424 244
736 179 255
590 120 48
37 102 55
637 780 565
319 452 419
716 663 193
118 588 93
37 512 87
819 648 905
95 380 232
937 213 720
18 119 303
982 953 642
224 363 802
220 515 612
553 426 409
384 141 775
729 480 576
159 636 973
728 699 675
451 147 969
431 58 629
33 321 296
566 745 751
55 429 641
524 166 923
172 677 161
929 944 615
501 724 647
893 349 86
236 189 115
586 539 354
182 948 656
867 631 905
904 525 604
717 59 508
77 474 688
796 260 278
215 494 4
399 833 326
836 190 2
473 748 465
276 63 511
499 224 149
517 212 238
254 55 473
768 428 987
230 989 129
518 551 171
68 20 261
851 25 629
655 971 874
379 7 959
577 208 66
153 874 698
825 723 768
755 967 632
796 133 56
960 890 352
418 398 888
598 269 267
391 214 110
390 551 512
962 865 862
490 387 865
647 714 834
580 458 522
303 707 807
510 653 587
492 487 866
817 52 328
5 931 347
621 513 683
716 510 477
11 590 467
384 330 378
286 310 150
71 158 655
846 583 456
536 152 702
175 886 418
95 567 107
324 67 935
890 111 496
934 504 344
19 590 238
337 43 221
362 375 361
66 745 376
327 615 842
819 551 327
741 45 951
38 253 723
607 433 595
928 406 671
392 989 828
975 607 89
352 547 654
277 140 180
544 752 370
231 699 546
264 446 392
863 107 798
843 486 658
372 25 655
954 773 79
286 457 90
61 552 692
313 295 319
217 367 160
524 43 645
273 830 594
406 664 679
754 772 622
872 75 776
415 601 808
868 46 579
809 832 154
777 857 401
928 107 632
455 593 726
135 672 784
794 565 423
427 379 247
512 152 138
701 62 881
256 650 424
22 754 581
523 849 378
582 931 813
851 880 778
14 9 918
720 465 248
157 67 250
841 948 882
669 938 865
247 419 348
579 165 473
311 802 304
859 275 816
94 863 530
82 916 621
280 868 890
319 528 912
899 589 560
986 10 722
263 402 497
843 44 43
636 467 93
709 86 314
28 616 228
307 520 150
331 955 692
922 979 448
828 11 947
559 207 709
617 692 682
631 719 6
134 251 297
14 817 719
76 116 207
476 209 804
50 271 72
938 239 268
949 325 178
510 98 112
952 617 535
751 194 809
430 110 443
21 764 808
669 269 264
453 785 299
672 158 606
665 487 548
355 150 25
615 891 480
816 770 225
872 530 563
930 59 345
448 944 296
181 175 479
697 198 395
106 290 549
338 773 161
81 872 933
117 419 589
738 588 432
17 990 465
940 208 958
892 619 246
310 210 454
552 996 376
822 27 563
258 932 974
679 829 557
749 949 643
402 917 942
779 813 593
676 393 922
984 633 563
18 942 393
568 211 640
518 342 607
102 70 30
3 211 68
37 937 803
510 505 501
182 989 217
942 223 369
577 339 462
744 879 108
16 312 513
711 49 447
706 963 246
753 792 39
295 751 960
163 146 480
838 845 929
57 99 313
585 306 252
51 862 930
902 460 456
764 538 537
888 379 349
760 169 74
884 145 244
885 909 559
111 406 357
546 933 569
70 821 561
59 168 27
433 716 683
879 947 861
560 740 950
51 89 681
903 806 372
875 880 945
988 854 988
627 243 759
504 175 357
33 492 705
345 2 840
354 130 920
989 348 832
542 766 478
474 373 761
925 326 234
608 535 131
38 29 52
751 450 731
743 120 738
367 439 33
210 418 812
678 915 72
576 221 82
32 815 335
136 875 511
362 336 337
223 851 752
997 10 950
296 552 11
572 666 4
213 60 684
886 532 846
745 438 105
732 562 171
117 821 713
354 506 640
48 385 80
568 902 881
289 89 936
154 494 296
579 679 388
869 66 776
986 469 269
203 471 331
672 912 870
825 494 435
907 335 20
576 681 403
740 496 858
736 861 737
345 936 128
376 969 210
577 774 864
901 549 185
691 370 781
398 144 570
480 5 234
588 435 254
456 71 694
781 580 258
918 504 936
102 117 654
956 99 929
647 948 460
258 46 904
295 490 758
73 745 628
28 105 467
562 258 452
961 980 81
2 11 839
281 490 914
993 784 935
527 589 877
26 305 446
448 103 62
274 966 479
414 959 946
734 42 861
958 30 481
628 74 419
335 296 644
264 71 130
655 161 246
920 355 292
382 641 380
70 250 935
251 231 675
765 922 385
457 987 983
966 842 364
676 747 339
267 290 175
351 209 414
928 250 437
7 218 469
541 997 74
312 402 412
235 933 811
29 537 714
378 659 291
646 982 258
941 358 322
658 364 118
867 702 374
172 559 210
34 887 496
638 979 132
809 217 530
68 39 874
51 665 82
551 270 345
324 600 429
446 506 377
254 571 139
851 89 856
590 164 623
20 28 482
930 266 81
346 226 57
484 632 927
559 887 514
3 162 486
385 2 672
121 707 660
588 228 430
45 188 215
366 516 82
670 294 411
453 994 664
801 684 228
786 601 147
175 839 827
165 863 872
17 113 32
992 848 199
872 330 589
743 469 584
962 773 401
750 672 426
680 517 716
734 31 510
882 678 892
921 328 338
415 441 899
172 100 887
891 335 156
281 301 148
179 201 768
194 88 944
858 764 341
119 743 190
239 859 599
207 655 727
73 66 416
186 511 521
437 970 50
494 782 98
365 658 15
900 801 208
522 659 442
857 951 263
30 528 300
384 115 873
66 696 269
123 114 828
571 377 70
81 550 421
424 509 833
998 554 736
196 874 747
653 791 111
454 414 338
700 56 749
417 617 959
578 329 769
603 831 430
733 332 711
455 533 532
327 660 394
951 818 314
442 312 421
11 202 854
732 472 981
351 936 315
237 508 972
536 428 330
865 335 72
840 689 15
95 787 288
908 4 145
51 371 530
217 820 592
483 664 230
621 432 574
921 4 371
849 413 89
767 95 620
255 284 169
329 441 159
811 255 813
82 183 569
620 330 660
930 786 75
521 198 428
462 722 562
46 188 24
233 388 797
188 791 607
978 915 917
821 314 459
936 106 233
833 107 773
79 90 999
644 771 853
732 432 624
262 623 467
125 859 827
707 75 31
776 317 628
834 623 102
289 667 975
429 595 209
498 712 969
51 868 328
988 742 810
301 723 251
352 126 658
764 207 806
245 499 530
648 326 786
966 164 118
246 771 884
991 189 342
772 342 623
277 247 106
539 618 924
572 928 314
133 162 235
981 313 377
446 789 734
661 564 564
572 713 918
958 35 607
808 990 2
510 147 803
337 383 951
642 507 522
256 169 817
916 953 574
309 550 384
913 149 426
158 230 750
963 806 448
326 980 35
762 855 911
943 137 879
255 813 392
254 973 35
270 575 512
847 67 606
649 629 934
588 777 429
181 909 314
825 852 191
760 573 195
768 598 888
345 277 521
499 679 954
93 664 378
708 420 281
929 362 51
246 702 534
16 188 355
201 82 718
474 639 595
977 842 365
785 959 222
684 526 430
119 932 92
357 852 814
375 90 979
928 674 916
137 444 202
895 190 505
161 516 124
491 310 540
162 110 371
931 302 325
624 877 576
145 405 735
570 837 373
519 374 357
762 633 341
630 777 996
359 924 351
904 605 13
17 369 246
413 111 47
589 788 634
334 259 683
234 81 8
498 596 35
406 316 294
625 905 293
949 848 899
499 84 105
307 112 15
368 468 707
223 692 544
41 225 402
629 55 948
502 9 546
561 390 848
919 977 756
200 17 272
229 620 646
455 141 464
685 133 756
334 713 968
884 194 190
741 467 933
873 643 811
415 935 100
656 600 805
265 401 473
927 230 496
527 824 968
49 372 293
107 337 704
211 339 460
363 125 180
165 841 572
207 278 944
97 871 894
634 890 586
919 835 281
806 204 124
404 329 947
231 5 934
752 911 777
721 795 706
440 828 974
523 148 876
347 974 266
431 39 305
977 34 484
413 119 581
440 236 535
629 284 879
557 190 605
29 244 431
704 862 981
693 701 606
752 301 523
208 523 259
324 341 395
220 899 101
163 333 834
171 472 416
25 831 742
94 565 679
159 18 425
512 496 203
114 940 535
927 270 651
270 427 855
921 355 167
351 59 82
666 522 669
899 954 227
849 101 201
476 225 815
486 339 795
216 326 68
749 95 294
963 200 430
835 81 594
389 903 570
886 812 703
632 994 18
108 621 398
697 495 399
749 800 575
208 816 212
172 532 239
314 17 846
507 548 930
35 862 456
210 249 919
92 461 359
71 799 37
371 902 989
105 393 661
396 937 646
58 377 596
116 636 414
297 739 297
779 220 780
486 451 946
495 297 55
859 621 414
836 280 694
561 383 829
624 462 332
369 376 526
937 375 515
272 731 497
957 570 888
213 117 182
739 125 614
929 969 360
921 361 721
536 339 451
543 646 540
749 926 952
800 719 423
724 997 966
24 572 987
63 349 814
773 904 929
339 16 400
638 188 51
814 688 432
492 83 433
395 240 122
983 112 866
174 831 656
336 767 277
756 781 196
853 41 213
454 240 415
292 501 311
184 932 782
841 102 539
569 479 691
604 505 953
77 919 912
136 214 697
787 123 860
460 287 249
83 634 242
57 500 238
319 966 224
986 914 665
396 866 258
619 505 815
25 693 639
341 493 965
730 548 998
827 972 887
37 936 940
246 137 741
333 43 903
950 16 760
973 653 880
374 683 629
304 349 702
598 16 146
804 59 783
611 698 735
593 523 204
277 849 140
504 645 573
63 942 158
807 701 376
609 699 495
502 853 352
751 225 664
825 212 87
600 61 523
757 726 386
561 851 964
496 534 597
253 531 982
800 973 189
208 282 318
288 484 418
442 783 920
10 436 914
534 571 229
161 485 799
699 213 309
377 209 642
795 290 745
931 870 620
773 624 132
620 690 2
420 819 279
74 510 893
956 347 139
5 785 386
614 434 810
909 231 444
354 312 597
285 430 219
369 135 401
494 849 808
835 379 970
878 411 884
496 58 198
555 59 46
885 687 52
822 352 683
194 403 535
32 463 273
97 75 534
133 973 349
848 124 53
213 402 550
539 102 395
528 465 461
726 337 287
106 243 205
699 887 58
487 454 930
993 377 443
659 821 153
866 838 302
938 718 833
589 610 839
942 177 732
372 374 739
591 586 868
786 206 813
553 848 562
20 788 128
709 900 765
10 41 314
935 914 798
999 175 626
995 307 418
334 487 64
106 95 454
833 463 29
433 701 664
601 697 627
221 360 913
726 554 540
371 179 857
940 242 182
350 499 25
487 574 872
390 371 583
366 550 803
991 273 319
80 911 759
392 162 7
457 449 185
418 478 403
486 984 122
623 179 561
157 841 516
31 599 457
837 127 579
940 918 13
500 664 81
260 863 541
483 13 553
699 12 810
616 549 176
768 884 313
657 589 272
320 648 250
877 794 364
186 157 387
932 77 710
673 465 120
105 938 520
210 944 547
786 404 99
48 199 559
247 960 870
29 513 594
929 488 729
63 947 545
679 754 923
827 729 489
894 213 932
104 2 250
717 745 364
599 504 982
829 684 653
178 336 828
487 108 510
502 866 496
798 327 146
260 837 209
444 184 408
777 932 734
663 350 746
362 887 572
777 310 40
208 262 627
553 460 895
940 261 607
771 751 690
967 989 894
364 305 571
473 31 973
43 446 863
601 379 791
597 489 764
896 722 466
81 592 829
924 51 578
653 896 677
956 761 260
87 90 651
321 554 747
401 342 749
437 609 293
79 907 567
523 797 385
611 96 175
333 626 722
125 308 437
778 297 923
700 644 976
245 357 430
839 837 620
557 245 48
53 72 991
485 8 890
746 429 120
762 956 255
613 660 637
952 569 482
334 80 891
436 300 417
152 467 833
976 158 720
558 20 215
412 880 229
987 508 434
245 11 514
264 822 816
323 84 687
22 984 811
414 114 153
27 944 361
494 971 844
561 598 55
58 49 712
875 596 512
766 637 862
720 95 837
566 561 234
748 454 433
471 860 733
698 851 619
837 926 886
449 460 507
895 5 903
24 225 386
509 352 24
387 349 605
483 765 998
561 93 542
700 544 884
331 462 526
957 56 210
917 388 322
379 460 652
53 61 520
525 888 58
816 301 429
452 769 346
102 798 763
935 519 768
803 31 259
87 490 949
118 226 513
471 258 200
189 535 431
896 728 739
758 16 440
360 520 170
47 315 34
34 230 757
815 938 339
19 141 504
393 270 921
461 495 703
722 899 245
490 280 952
464 59 363
271 17 98
711 260 478
724 236 924
78 37 11
338 149 120
505 33 563
905 234 399
268 707 451
30 478 75
156 770 164
599 324 499
856 47 961
736 588 192
604 957 272
228 991 163
114 838 373
136 646 503
236 172 597
856 200 652
351 908 289
908 134 420
871 300 905
677 458 688
651 227 424
77 526 51
242 996 933
373 860 108
897 953 409
674 378 411
664 138 33
667 813 557
651 504 989
876 12 961
57 532 332
983 776 525
995 872 990
140 649 672
640 990 10
687 881 347
620 274 190
721 732 363
987 84 22
200 307 919
807 530 987
894 461 441
885 427 661
715 667 500
287 583 302
638 793 578
289 651 719
858 557 527
943 14 916
267 18 566
709 892 331
261 897 86
201 9 343
326 517 709
394 912 21
311 987 415
44 970 100
224 126 242
496 365 390
670 290 61
84 142 250
974 332 146
934 165 671
697 235 147
785 768 468
627 351 26
897 156 704
98 74 840
647 967 751
758 8 458
919 939 198
585 75 417
136 194 406
140 827 362
190 706 365
604 547 257
977 356 837
68 702 137
670 963 891
713 822 230
590 501 630
766 129 135
379 31 559
953 235 302
535 994 279
666 850 964
817 516 93
839 456 509
547 228 446
334 336 286
283 956 744
382 526 387
242 146 515
761 752 888
963 307 310
730 766 493
564 638 793
19 330 903
170 106 868
319 847 670
8 554 209
889 892 704
503 856 258
229 190 249
602 865 525
350 740 228
512 546 774
389 618 695
82 849 912
280 115 315
544 294 859
849 683 520
145 611 491
803 818 189
608 616 99
243 473 676
628 968 887
21 24 714
970 467 395
804 527 214
342 984 169
538 519 661
247 709 579
101 885 403
335 1000 318
930 258 988
279 561 58
888 570 598
251 744 775
335 511 394
463 424 966
330 954 766
880 84 292
209 459 955
170 211 817
117 230 247
461 841 424
250 834 96
229 763 465
303 922 895
633 377 908
499 385 449
63 782 636
135 280 473
447 839 703
802 114 678
818 881 786
1 259 511
92 137 721
477 197 544
640 773 542
273 382 326
778 937 950
489 328 50
937 692 707
830 877 609
738 741 440
414 44 769
208 451 769
925 227 869
419 585 149
538 103 616
189 158 307
23 831 669
904 670 955
724 358 710
99 406 739
535 667 742
199 805 153
293 389 144
109 557 102
153 705 498
345 925 276
602 869 405
266 968 749
94 947 787
371 488 594
206 65 102
356 487 956
26 427 489
762 355 404
625 312 17
546 165 294
10 412 790
431 984 158
80 35 676
88 405 890
258 958 734
759 552 43
59 513 676
246 612 704
92 691 952
425 435 648
870 897 842
261 240 357
877 26 784
24 838 291
572 607 831
319 124 561
65 785 980
19 133 589
424 881 887
317 8 869
733 889 560
429 726 633
180 326 628
806 931 116
357 836 859
928 715 40
253 439 227
998 608 927
846 409 292
179 92 524
407 484 5
135 457 917
317 612 283
328 976 103
268 19 892
37 302 887
306 205 956
769 903 896
821 601 17
955 380 238
990 103 894
996 770 759
488 35 451
289 987 847
14 356 25
102 942 382
41 557 219
112 747 554
960 795 574
729 4 808
952 398 496
127 175 101
130 343 656
575 681 807
36 631 138
530 983 393
166 163 404
695 636 280
247 790 877
710 837 713
790 158 197
162 89 772
64 297 421
21 372 969
161 405 682
350 25 62
837 637 422
506 922 565
283 991 111
714 745 981
333 875 297
748 405 809
962 649 837
267 309 686
718 657 380
644 661 130
116 376 148
418 586 956
104 723 808
801 234 732
18 454 588
809 961 508
69 124 973
508 114 408
847 916 117
517 926 987
857 878 884
772 144 838
48 657 289
406 64 273
934 762 429
672 914 675
175 214 864
935 945 815
469 396 740
631 819 541
308 15 312
189 403 739
34 442 573
896 159 221
50 690 583
494 598 674
686 837 372
816 911 338
808 447 525
709 109 990
261 802 789
845 566 84
323 490 884
275 168 376
540 826 358
443 651 777
25 29 338
660 488 498
354 416 178
399 739 624
455 442 917
612 923 283
662 22 121
246 316 4
695 911 945
372 936 197
590 980 343
842 169 850
531 689 881
842 299 350
500 552 711
711 538 354
724 191 221
262 841 579
75 86 994
550 715 118
856 383 741
55 756 154
68 519 719
317 269 313
773 8 379
99 592 59
851 694 977
928 341 196
435 37 685
988 443 997
216 11 874
553 251 296
238 625 763
179 608 419
292 953 210
279 765 88
662 246 712
