2000 5788 1
1 2 664
2 3 308
3 4 70
4 5 515
5 6 301
6 7 964
7 8 935
8 9 770
9 10 550
10 11 557
11 12 304
12 13 313
13 14 81
14 15 674
15 16 48
16 17 460
17 18 14
18 19 665
19 20 252
20 21 822
21 22 290
22 23 462
23 24 901
24 25 562
25 26 702
26 27 319
27 28 790
28 29 329
29 30 296
30 31 38
31 32 126
32 33 354
33 34 57
34 35 200
35 36 673
36 37 411
37 38 542
38 39 817
39 40 189
40 41 840
41 42 294
42 43 625
43 44 369
44 45 188
45 46 724
46 47 14
47 48 518
48 49 44
49 50 834
50 51 4
51 52 714
52 53 790
53 54 112
54 55 477
55 56 55
56 57 613
57 58 583
58 59 919
59 60 252
60 61 532
61 62 136
62 63 58
63 64 812
64 65 298
65 66 764
66 67 617
67 68 293
68 69 32
69 70 905
70 71 232
71 72 816
72 73 899
73 74 464
74 75 512
75 76 222
76 77 234
77 78 171
78 79 89
79 80 490
80 81 2
81 82 561
82 83 465
83 84 990
84 85 156
85 86 196
86 87 26
87 88 897
88 89 82
89 90 159
90 91 167
91 92 673
92 93 661
93 94 168
94 95 478
95 96 140
96 97 801
97 98 858
98 99 707
99 100 359
100 101 674
101 102 701
102 103 246
103 104 253
104 105 183
105 106 609
106 107 234
107 108 21
108 109 157
109 110 504
110 111 136
111 112 824
112 113 744
113 114 286
114 115 262
115 116 835
116 117 838
117 118 667
118 119 287
119 120 259
120 121 927
121 122 681
122 123 819
123 124 825
124 125 135
125 126 119
126 127 237
127 128 774
128 129 624
129 130 899
130 131 119
131 132 173
132 133 904
133 134 66
134 135 344
135 136 194
136 137 185
137 138 405
138 139 752
139 140 935
140 141 454
141 142 226
142 143 218
143 144 347
144 145 125
145 146 408
146 147 395
147 148 508
148 149 905
149 150 501
150 151 880
151 152 755
152 153 731
153 154 972
154 155 635
155 156 984
156 157 835
157 158 54
158 159 382
159 160 674
160 161 966
161 162 693
162 163 700
163 164 937
164 165 579
165 166 655
166 167 222
167 168 456
168 169 296
169 170 580
170 171 783
171 172 249
172 173 757
173 174 926
174 175 191
175 176 301
176 177 334
177 178 961
178 179 511
179 180 943
180 181 779
181 182 948
182 183 211
183 184 366
184 185 843
185 186 965
186 187 73
187 188 487
188 189 381
189 190 735
190 191 866
191 192 558
192 193 858
193 194 773
194 195 202
195 196 258
196 197 525
197 198 912
198 199 511
199 200 153
200 201 419
201 202 915
202 203 237
203 204 572
204 205 949
205 206 784
206 207 654
207 208 78
208 209 954
209 210 549
210 211 529
211 212 738
212 213 595
213 214 534
214 215 119
215 216 934
216 217 713
217 218 548
218 219 381
219 220 591
220 221 465
221 222 302
222 223 899
223 224 670
224 225 687
225 226 172
226 227 372
227 228 482
228 229 955
229 230 895
230 231 672
231 232 932
232 233 300
233 234 887
234 235 443
235 236 486
236 237 988
237 238 258
238 239 413
239 240 139
240 241 690
241 242 929
242 243 277
243 244 21
244 245 562
245 246 313
246 247 528
247 248 693
248 249 665
249 250 329
250 251 108
251 252 882
252 253 696
253 254 716
254 255 872
255 256 739
256 257 3
257 258 61
258 259 118
259 260 607
260 261 547
261 262 583
262 263 878
263 264 936
264 265 537
265 266 980
266 267 383
267 268 562
268 269 580
269 270 931
270 271 599
271 272 956
272 273 344
273 274 129
274 275 769
275 276 878
276 277 26
277 278 70
278 279 174
279 280 148
280 281 416
281 282 924
282 283 990
283 284 555
284 285 275
285 286 707
286 287 100
287 288 784
288 289 541
289 290 683
290 291 222
291 292 795
292 293 874
293 294 680
294 295 563
295 296 924
296 297 68
297 298 233
298 299 188
299 300 697
300 301 704
301 302 410
302 303 993
303 304 814
304 305 712
305 306 7
306 307 894
307 308 593
308 309 10
309 310 60
310 311 732
311 312 499
312 313 920
313 314 538
314 315 951
315 316 897
316 317 124
317 318 549
318 319 634
319 320 755
320 321 128
321 322 2
322 323 778
323 324 331
324 325 771
325 326 930
326 327 610
327 328 203
328 329 930
329 330 953
330 331 466
331 332 723
332 333 249
333 334 706
334 335 808
335 336 438
336 337 973
337 338 728
338 339 87
339 340 842
340 341 187
341 342 670
342 343 992
343 344 234
344 345 501
345 346 447
346 347 128
347 348 670
348 349 485
349 350 864
350 351 419
351 352 331
352 353 23
353 354 753
354 355 336
355 356 459
356 357 444
357 358 65
358 359 459
359 360 313
360 361 650
361 362 131
362 363 233
363 364 653
364 365 544
365 366 163
366 367 404
367 368 216
368 369 908
369 370 741
370 371 851
371 372 167
372 373 920
373 374 406
374 375 883
375 376 585
376 377 122
377 378 716
378 379 877
379 380 141
380 381 948
381 382 712
382 383 241
383 384 632
384 385 385
385 386 972
386 387 466
387 388 352
388 389 280
389 390 608
390 391 699
391 392 726
392 393 199
393 394 790
394 395 627
395 396 308
396 397 422
397 398 696
398 399 69
399 400 349
400 401 801
401 402 487
402 403 628
403 404 146
404 405 896
405 406 57
406 407 50
407 408 967
408 409 169
409 410 254
410 411 951
411 412 574
412 413 672
413 414 220
414 415 445
415 416 199
416 417 582
417 418 590
418 419 447
419 420 460
420 421 83
421 422 972
422 423 746
423 424 734
424 425 979
425 426 882
426 427 555
427 428 487
428 429 160
429 430 259
430 431 178
431 432 692
432 433 89
433 434 916
434 435 905
435 436 161
436 437 349
437 438 969
438 439 206
439 440 28
440 441 114
441 442 273
442 443 695
443 444 96
444 445 696
445 446 815
446 447 759
447 448 105
448 449 270
449 450 205
450 451 667
451 452 257
452 453 13
453 454 885
454 455 557
455 456 465
456 457 489
457 458 425
458 459 930
459 460 593
460 461 796
461 462 318
462 463 669
463 464 911
464 465 98
465 466 674
466 467 107
467 468 675
468 469 142
469 470 628
470 471 672
471 472 118
472 473 115
473 474 465
474 475 530
475 476 809
476 477 141
477 478 414
478 479 589
479 480 736
480 481 314
481 482 546
482 483 942
483 484 629
484 485 279
485 486 956
486 487 411
487 488 931
488 489 426
489 490 153
490 491 754
491 492 288
492 493 909
493 494 412
494 495 570
495 496 940
496 497 223
497 498 420
498 499 792
499 500 784
500 501 265
501 502 979
502 503 844
503 504 350
504 505 828
505 506 663
506 507 117
507 508 794
508 509 608
509 510 237
510 511 396
511 512 796
512 513 958
513 514 742
514 515 750
515 516 415
516 517 388
517 518 184
518 519 933
519 520 334
520 521 637
521 522 484
522 523 521
523 524 243
524 525 509
525 526 541
526 527 942
527 528 95
528 529 606
529 530 494
530 531 14
531 532 20
532 533 623
533 534 645
534 535 513
535 536 578
536 537 245
537 538 866
538 539 689
539 540 989
540 541 621
541 542 271
542 543 997
543 544 656
544 545 561
545 546 140
546 547 224
547 548 791
548 549 562
549 550 498
550 551 925
551 552 50
552 553 36
553 554 953
554 555 639
555 556 307
556 557 896
557 558 894
558 559 400
559 560 426
560 561 376
561 562 470
562 563 387
563 564 515
564 565 560
565 566 267
566 567 398
567 568 484
568 569 966
569 570 522
570 571 364
571 572 645
572 573 855
573 574 2
574 575 86
575 576 77
576 577 218
577 578 822
578 579 417
579 580 231
580 581 277
581 582 183
582 583 459
583 584 659
584 585 19
585 586 873
586 587 253
587 588 857
588 589 513
589 590 38
590 591 24
591 592 223
592 593 362
593 594 363
594 595 856
595 596 803
596 597 331
597 598 625
598 599 828
599 600 205
600 601 64
601 602 410
602 603 280
603 604 298
604 605 568
605 606 723
606 607 767
607 608 103
608 609 146
609 610 506
610 611 903
611 612 879
612 613 194
613 614 605
614 615 713
615 616 44
616 617 738
617 618 708
618 619 650
619 620 591
620 621 320
621 622 605
622 623 822
623 624 373
624 625 654
625 626 125
626 627 133
627 628 394
628 629 113
629 630 133
630 631 75
631 632 920
632 633 872
633 634 694
634 635 513
635 636 818
636 637 808
637 638 249
638 639 995
639 640 627
640 641 607
641 642 10
642 643 745
643 644 812
644 645 255
645 646 705
646 647 911
647 648 200
648 649 114
649 650 254
650 651 898
651 652 832
652 653 694
653 654 183
654 655 919
655 656 717
656 657 402
657 658 217
658 659 790
659 660 266
660 661 735
661 662 387
662 663 208
663 664 758
664 665 306
665 666 794
666 667 429
667 668 880
668 669 124
669 670 894
670 671 250
671 672 499
672 673 262
673 674 699
674 675 216
675 676 887
676 677 71
677 678 692
678 679 30
679 680 503
680 681 220
681 682 110
682 683 936
683 684 355
684 685 273
685 686 274
686 687 290
687 688 290
688 689 494
689 690 73
690 691 608
691 692 350
692 693 747
693 694 229
694 695 989
695 696 424
696 697 365
697 698 224
698 699 268
699 700 965
700 701 482
701 702 310
702 703 878
703 704 98
704 705 990
705 706 578
706 707 144
707 708 671
708 709 183
709 710 151
710 711 713
711 712 427
712 713 656
713 714 54
714 715 264
715 716 416
716 717 69
717 718 328
718 719 907
719 720 894
720 721 778
721 722 309
722 723 934
723 724 292
724 725 830
725 726 980
726 727 845
727 728 702
728 729 800
729 730 431
730 731 58
731 732 906
732 733 719
733 734 654
734 735 699
735 736 520
736 737 442
737 738 376
738 739 686
739 740 255
740 741 467
741 742 162
742 743 394
743 744 716
744 745 726
745 746 221
746 747 561
747 748 707
748 749 272
749 750 495
750 751 117
751 752 311
752 753 904
753 754 936
754 755 104
755 756 171
756 757 607
757 758 469
758 759 703
759 760 909
760 761 719
761 762 207
762 763 671
763 764 375
764 765 974
765 766 538
766 767 780
767 768 744
768 769 102
769 770 632
770 771 513
771 772 844
772 773 391
773 774 235
774 775 27
775 776 278
776 777 75
777 778 879
778 779 262
779 780 8
780 781 619
781 782 46
782 783 291
783 784 682
784 785 447
785 786 302
786 787 425
787 788 759
788 789 389
789 790 484
790 791 480
791 792 770
792 793 275
793 794 831
794 795 790
795 796 833
796 797 632
797 798 742
798 799 987
799 800 910
800 801 424
801 802 483
802 803 246
803 804 255
804 805 854
805 806 212
806 807 811
807 808 393
808 809 158
809 810 399
810 811 831
811 812 593
812 813 901
813 814 650
814 815 535
815 816 712
816 817 949
817 818 108
818 819 739
819 820 912
820 821 872
821 822 605
822 823 655
823 824 910
824 825 103
825 826 573
826 827 755
827 828 839
828 829 129
829 830 745
830 831 809
831 832 296
832 833 973
833 834 444
834 835 281
835 836 817
836 837 311
837 838 622
838 839 923
839 840 39
840 841 493
841 842 558
842 843 224
843 844 525
844 845 347
845 846 474
846 847 24
847 848 624
848 849 324
849 850 63
850 851 581
851 852 485
852 853 220
853 854 349
854 855 68
855 856 814
856 857 269
857 858 126
858 859 736
859 860 776
860 861 680
861 862 361
862 863 829
863 864 37
864 865 547
865 866 522
866 867 7
867 868 455
868 869 319
869 870 915
870 871 459
871 872 548
872 873 537
873 874 614
874 875 699
875 876 194
876 877 990
877 878 441
878 879 561
879 880 987
880 881 800
881 882 50
882 883 636
883 884 6
884 885 810
885 886 174
886 887 433
887 888 12
888 889 251
889 890 328
890 891 255
891 892 960
892 893 343
893 894 502
894 895 293
895 896 51
896 897 679
897 898 290
898 899 173
899 900 24
900 901 536
901 902 98
902 903 425
903 904 562
904 905 831
905 906 867
906 907 338
907 908 805
908 909 367
909 910 987
910 911 365
911 912 804
912 913 26
913 914 165
914 915 274
915 916 65
916 917 264
917 918 856
918 919 709
919 920 947
920 921 254
921 922 446
922 923 679
923 924 762
924 925 517
925 926 273
926 927 583
927 928 258
928 929 890
929 930 468
930 931 376
931 932 747
932 933 576
933 934 627
934 935 815
935 936 851
936 937 375
937 938 685
938 939 344
939 940 543
940 941 353
941 942 173
942 943 777
943 944 863
944 945 341
945 946 708
946 947 749
947 948 589
948 949 242
949 950 570
950 951 430
951 952 60
952 953 858
953 954 312
954 955 897
955 956 692
956 957 447
957 958 159
958 959 489
959 960 641
960 961 827
961 962 147
962 963 46
963 964 532
964 965 469
965 966 507
966 967 406
967 968 895
968 969 536
969 970 172
970 971 76
971 972 723
972 973 858
973 974 170
974 975 856
975 976 336
976 977 777
977 978 70
978 979 627
979 980 146
980 981 456
981 982 276
982 983 555
983 984 513
984 985 509
985 986 735
986 987 645
987 988 955
988 989 649
989 990 412
990 991 472
991 992 246
992 993 410
993 994 621
994 995 527
995 996 316
996 997 998
997 998 687
998 999 379
999 1000 989
1000 1001 520
1001 1002 53
1002 1003 400
1003 1004 275
1004 1005 263
1005 1006 705
1006 1007 858
1007 1008 901
1008 1009 822
1009 1010 103
1010 1011 541
1011 1012 306
1012 1013 472
1013 1014 605
1014 1015 765
1015 1016 604
1016 1017 669
1017 1018 301
1018 1019 459
1019 1020 90
1020 1021 465
1021 1022 965
1022 1023 198
1023 1024 539
1024 1025 247
1025 1026 401
1026 1027 623
1027 1028 974
1028 1029 551
1029 1030 70
1030 1031 345
1031 1032 2
1032 1033 258
1033 1034 565
1034 1035 1
1035 1036 488
1036 1037 987
1037 1038 949
1038 1039 461
1039 1040 71
1040 1041 313
1041 1042 439
1042 1043 97
1043 1044 116
1044 1045 308
1045 1046 958
1046 1047 82
1047 1048 504
1048 1049 938
1049 1050 772
1050 1051 408
1051 1052 564
1052 1053 150
1053 1054 952
1054 1055 521
1055 1056 762
1056 1057 732
1057 1058 496
1058 1059 401
1059 1060 557
1060 1061 365
1061 1062 296
1062 1063 445
1063 1064 486
1064 1065 276
1065 1066 384
1066 1067 728
1067 1068 387
1068 1069 332
1069 1070 838
1070 1071 387
1071 1072 549
1072 1073 291
1073 1074 194
1074 1075 731
1075 1076 69
1076 1077 881
1077 1078 200
1078 1079 677
1079 1080 656
1080 1081 304
1081 1082 804
1082 1083 203
1083 1084 873
1084 1085 796
1085 1086 154
1086 1087 137
1087 1088 286
1088 1089 596
1089 1090 856
1090 1091 839
1091 1092 117
1092 1093 506
1093 1094 194
1094 1095 203
1095 1096 763
1096 1097 711
1097 1098 475
1098 1099 71
1099 1100 899
1100 1101 295
1101 1102 893
1102 1103 902
1103 1104 899
1104 1105 505
1105 1106 214
1106 1107 94
1107 1108 175
1108 1109 904
1109 1110 861
1110 1111 26
1111 1112 109
1112 1113 193
1113 1114 629
1114 1115 335
1115 1116 604
1116 1117 378
1117 1118 498
1118 1119 711
1119 1120 900
1120 1121 475
1121 1122 633
1122 1123 632
1123 1124 120
1124 1125 242
1125 1126 120
1126 1127 155
1127 1128 550
1128 1129 691
1129 1130 44
1130 1131 713
1131 1132 848
1132 1133 701
1133 1134 489
1134 1135 74
1135 1136 628
1136 1137 484
1137 1138 660
1138 1139 155
1139 1140 322
1140 1141 801
1141 1142 542
1142 1143 999
1143 1144 70
1144 1145 812
1145 1146 537
1146 1147 400
1147 1148 373
1148 1149 199
1149 1150 997
1150 1151 290
1151 1152 250
1152 1153 518
1153 1154 175
1154 1155 522
1155 1156 756
1156 1157 547
1157 1158 103
1158 1159 599
1159 1160 327
1160 1161 849
1161 1162 284
1162 1163 327
1163 1164 175
1164 1165 940
1165 1166 422
1166 1167 207
1167 1168 505
1168 1169 167
1169 1170 267
1170 1171 417
1171 1172 802
1172 1173 843
1173 1174 999
1174 1175 484
1175 1176 892
1176 1177 270
1177 1178 476
1178 1179 745
1179 1180 953
1180 1181 726
1181 1182 996
1182 1183 507
1183 1184 904
1184 1185 107
1185 1186 913
1186 1187 504
1187 1188 716
1188 1189 400
1189 1190 642
1190 1191 318
1191 1192 518
1192 1193 816
1193 1194 104
1194 1195 290
1195 1196 973
1196 1197 251
1197 1198 747
1198 1199 49
1199 1200 71
1200 1201 781
1201 1202 354
1202 1203 917
1203 1204 485
1204 1205 615
1205 1206 155
1206 1207 1
1207 1208 560
1208 1209 205
1209 1210 670
1210 1211 484
1211 1212 185
1212 1213 946
1213 1214 804
1214 1215 872
1215 1216 258
1216 1217 622
1217 1218 880
1218 1219 95
1219 1220 603
1220 1221 946
1221 1222 576
1222 1223 337
1223 1224 792
1224 1225 837
1225 1226 140
1226 1227 429
1227 1228 470
1228 1229 956
1229 1230 389
1230 1231 159
1231 1232 99
1232 1233 427
1233 1234 604
1234 1235 31
1235 1236 725
1236 1237 827
1237 1238 986
1238 1239 461
1239 1240 602
1240 1241 419
1241 1242 276
1242 1243 370
1243 1244 391
1244 1245 845
1245 1246 52
1246 1247 28
1247 1248 295
1248 1249 446
1249 1250 137
1250 1251 129
1251 1252 818
1252 1253 425
1253 1254 933
1254 1255 897
1255 1256 172
1256 1257 102
1257 1258 88
1258 1259 907
1259 1260 647
1260 1261 596
1261 1262 430
1262 1263 449
1263 1264 83
1264 1265 575
1265 1266 134
1266 1267 453
1267 1268 969
1268 1269 272
1269 1270 504
1270 1271 396
1271 1272 489
1272 1273 315
1273 1274 620
1274 1275 806
1275 1276 964
1276 1277 842
1277 1278 762
1278 1279 853
1279 1280 273
1280 1281 992
1281 1282 126
1282 1283 253
1283 1284 211
1284 1285 470
1285 1286 645
1286 1287 438
1287 1288 369
1288 1289 568
1289 1290 162
1290 1291 821
1291 1292 186
1292 1293 403
1293 1294 557
1294 1295 968
1295 1296 883
1296 1297 893
1297 1298 553
1298 1299 739
1299 1300 166
1300 1301 293
1301 1302 22
1302 1303 737
1303 1304 175
1304 1305 925
1305 1306 826
1306 1307 404
1307 1308 17
1308 1309 444
1309 1310 391
1310 1311 310
1311 1312 553
1312 1313 639
1313 1314 376
1314 1315 631
1315 1316 62
1316 1317 439
1317 1318 249
1318 1319 336
1319 1320 640
1320 1321 650
1321 1322 597
1322 1323 298
1323 1324 832
1324 1325 765
1325 1326 696
1326 1327 1000
1327 1328 972
1328 1329 620
1329 1330 534
1330 1331 761
1331 1332 829
1332 1333 643
1333 1334 324
1334 1335 541
1335 1336 968
1336 1337 746
1337 1338 207
1338 1339 697
1339 1340 892
1340 1341 185
1341 1342 35
1342 1343 461
1343 1344 770
1344 1345 486
1345 1346 331
1346 1347 898
1347 1348 335
1348 1349 451
1349 1350 313
1350 1351 399
1351 1352 847
1352 1353 456
1353 1354 266
1354 1355 712
1355 1356 397
1356 1357 215
1357 1358 900
1358 1359 340
1359 1360 507
1360 1361 787
1361 1362 648
1362 1363 851
1363 1364 76
1364 1365 968
1365 1366 68
1366 1367 352
1367 1368 788
1368 1369 708
1369 1370 908
1370 1371 795
1371 1372 835
1372 1373 649
1373 1374 738
1374 1375 708
1375 1376 8
1376 1377 613
1377 1378 989
1378 1379 819
1379 1380 701
1380 1381 929
1381 1382 303
1382 1383 145
1383 1384 517
1384 1385 997
1385 1386 300
1386 1387 683
1387 1388 238
1388 1389 254
1389 1390 26
1390 1391 398
1391 1392 180
1392 1393 909
1393 1394 217
1394 1395 249
1395 1396 365
1396 1397 483
1397 1398 969
1398 1399 221
1399 1400 408
1400 1401 958
1401 1402 391
1402 1403 328
1403 1404 374
1404 1405 486
1405 1406 735
1406 1407 230
1407 1408 782
1408 1409 173
1409 1410 559
1410 1411 652
1411 1412 713
1412 1413 988
1413 1414 418
1414 1415 88
1415 1416 312
1416 1417 49
1417 1418 493
1418 1419 885
1419 1420 662
1420 1421 944
1421 1422 746
1422 1423 970
1423 1424 550
1424 1425 114
1425 1426 203
1426 1427 301
1427 1428 542
1428 1429 807
1429 1430 688
1430 1431 233
1431 1432 694
1432 1433 941
1433 1434 715
1434 1435 912
1435 1436 222
1436 1437 726
1437 1438 789
1438 1439 476
1439 1440 667
1440 1441 127
1441 1442 27
1442 1443 121
1443 1444 434
1444 1445 243
1445 1446 674
1446 1447 420
1447 1448 487
1448 1449 961
1449 1450 973
1450 1451 837
1451 1452 131
1452 1453 143
1453 1454 429
1454 1455 511
1455 1456 880
1456 1457 992
1457 1458 891
1458 1459 73
1459 1460 301
1460 1461 807
1461 1462 659
1462 1463 674
1463 1464 832
1464 1465 363
1465 1466 538
1466 1467 305
1467 1468 742
1468 1469 4
1469 1470 692
1470 1471 254
1471 1472 81
1472 1473 419
1473 1474 968
1474 1475 436
1475 1476 535
1476 1477 276
1477 1478 583
1478 1479 262
1479 1480 599
1480 1481 6
1481 1482 296
1482 1483 197
1483 1484 552
1484 1485 231
1485 1486 881
1486 1487 900
1487 1488 721
1488 1489 439
1489 1490 13
1490 1491 421
1491 1492 860
1492 1493 656
1493 1494 890
1494 1495 554
1495 1496 204
1496 1497 225
1497 1498 770
1498 1499 594
1499 1500 125
1500 1501 199
1501 1502 997
1502 1503 749
1503 1504 375
1504 1505 850
1505 1506 196
1506 1507 53
1507 1508 946
1508 1509 185
1509 1510 62
1510 1511 256
1511 1512 207
1512 1513 458
1513 1514 734
1514 1515 551
1515 1516 999
1516 1517 926
1517 1518 662
1518 1519 324
1519 1520 736
1520 1521 969
1521 1522 977
1522 1523 667
1523 1524 543
1524 1525 654
1525 1526 898
1526 1527 111
1527 1528 338
1528 1529 349
1529 1530 787
1530 1531 565
1531 1532 23
1532 1533 780
1533 1534 534
1534 1535 866
1535 1536 29
1536 1537 887
1537 1538 393
1538 1539 421
1539 1540 943
1540 1541 490
1541 1542 187
1542 1543 285
1543 1544 278
1544 1545 434
1545 1546 877
1546 1547 439
1547 1548 778
1548 1549 48
1549 1550 836
1550 1551 44
1551 1552 612
1552 1553 206
1553 1554 945
1554 1555 192
1555 1556 422
1556 1557 972
1557 1558 310
1558 1559 462
1559 1560 451
1560 1561 188
1561 1562 496
1562 1563 688
1563 1564 380
1564 1565 852
1565 1566 757
1566 1567 614
1567 1568 777
1568 1569 570
1569 1570 313
1570 1571 555
1571 1572 597
1572 1573 332
1573 1574 15
1574 1575 348
1575 1576 430
1576 1577 641
1577 1578 141
1578 1579 686
1579 1580 379
1580 1581 210
1581 1582 663
1582 1583 99
1583 1584 600
1584 1585 342
1585 1586 374
1586 1587 609
1587 1588 948
1588 1589 761
1589 1590 433
1590 1591 641
1591 1592 518
1592 1593 998
1593 1594 880
1594 1595 374
1595 1596 859
1596 1597 4
1597 1598 284
1598 1599 631
1599 1600 448
1600 1601 294
1601 1602 361
1602 1603 517
1603 1604 739
1604 1605 298
1605 1606 365
1606 1607 322
1607 1608 479
1608 1609 567
1609 1610 127
1610 1611 365
1611 1612 932
1612 1613 769
1613 1614 126
1614 1615 284
1615 1616 275
1616 1617 132
1617 1618 199
1618 1619 400
1619 1620 74
1620 1621 867
1621 1622 335
1622 1623 769
1623 1624 414
1624 1625 119
1625 1626 748
1626 1627 187
1627 1628 470
1628 1629 59
1629 1630 507
1630 1631 283
1631 1632 721
1632 1633 630
1633 1634 340
1634 1635 422
1635 1636 683
1636 1637 394
1637 1638 876
1638 1639 879
1639 1640 199
1640 1641 559
1641 1642 826
1642 1643 227
1643 1644 879
1644 1645 913
1645 1646 495
1646 1647 779
1647 1648 910
1648 1649 255
1649 1650 562
1650 1651 397
1651 1652 817
1652 1653 862
1653 1654 736
1654 1655 36
1655 1656 103
1656 1657 877
1657 1658 262
1658 1659 747
1659 1660 967
1660 1661 551
1661 1662 164
1662 1663 836
1663 1664 424
1664 1665 674
1665 1666 39
1666 1667 156
1667 1668 287
1668 1669 152
1669 1670 127
1670 1671 849
1671 1672 356
1672 1673 77
1673 1674 272
1674 1675 727
1675 1676 968
1676 1677 94
1677 1678 759
1678 1679 593
1679 1680 702
1680 1681 551
1681 1682 266
1682 1683 494
1683 1684 817
1684 1685 575
1685 1686 994
1686 1687 763
1687 1688 464
1688 1689 524
1689 1690 713
1690 1691 833
1691 1692 639
1692 1693 344
1693 1694 677
1694 1695 385
1695 1696 257
1696 1697 490
1697 1698 567
1698 1699 913
1699 1700 222
1700 1701 939
1701 1702 139
1702 1703 319
1703 1704 781
1704 1705 409
1705 1706 259
1706 1707 221
1707 1708 606
1708 1709 611
1709 1710 185
1710 1711 579
1711 1712 672
1712 1713 109
1713 1714 788
1714 1715 197
1715 1716 876
1716 1717 133
1717 1718 541
1718 1719 651
1719 1720 6
1720 1721 931
1721 1722 678
1722 1723 19
1723 1724 90
1724 1725 281
1725 1726 695
1726 1727 541
1727 1728 137
1728 1729 550
1729 1730 262
1730 1731 320
1731 1732 234
1732 1733 352
1733 1734 227
1734 1735 930
1735 1736 657
1736 1737 862
1737 1738 36
1738 1739 948
1739 1740 38
1740 1741 615
1741 1742 464
1742 1743 262
1743 1744 199
1744 1745 415
1745 1746 786
1746 1747 519
1747 1748 811
1748 1749 126
1749 1750 369
1750 1751 820
1751 1752 780
1752 1753 92
1753 1754 631
1754 1755 696
1755 1756 431
1756 1757 198
1757 1758 440
1758 1759 710
1759 1760 868
1760 1761 802
1761 1762 212
1762 1763 689
1763 1764 10
1764 1765 424
1765 1766 437
1766 1767 324
1767 1768 627
1768 1769 34
1769 1770 195
1770 1771 513
1771 1772 596
1772 1773 782
1773 1774 718
1774 1775 519
1775 1776 979
1776 1777 663
1777 1778 340
1778 1779 581
1779 1780 331
1780 1781 798
1781 1782 497
1782 1783 391
1783 1784 708
1784 1785 562
1785 1786 494
1786 1787 13
1787 1788 78
1788 1789 336
1789 1790 934
1790 1791 118
1791 1792 520
1792 1793 452
1793 1794 383
1794 1795 689
1795 1796 374
1796 1797 214
1797 1798 261
1798 1799 380
1799 1800 483
1800 1801 795
1801 1802 794
1802 1803 802
1803 1804 888
1804 1805 981
1805 1806 369
1806 1807 798
1807 1808 158
1808 1809 833
1809 1810 769
1810 1811 8
1811 1812 139
1812 1813 849
1813 1814 965
1814 1815 521
1815 1816 430
1816 1817 256
1817 1818 893
1818 1819 971
1819 1820 157
1820 1821 595
1821 1822 605
1822 1823 501
1823 1824 143
1824 1825 845
1825 1826 95
1826 1827 327
1827 1828 752
1828 1829 310
1829 1830 366
1830 1831 45
1831 1832 330
1832 1833 676
1833 1834 329
1834 1835 109
1835 1836 648
1836 1837 137
1837 1838 197
1838 1839 852
1839 1840 132
1840 1841 150
1841 1842 126
1842 1843 947
1843 1844 764
1844 1845 172
1845 1846 393
1846 1847 691
1847 1848 382
1848 1849 752
1849 1850 117
1850 1851 721
1851 1852 388
1852 1853 986
1853 1854 696
1854 1855 354
1855 1856 206
1856 1857 196
1857 1858 991
1858 1859 977
1859 1860 121
1860 1861 910
1861 1862 28
1862 1863 923
1863 1864 167
1864 1865 792
1865 1866 139
1866 1867 502
1867 1868 985
1868 1869 899
1869 1870 22
1870 1871 330
1871 1872 676
1872 1873 924
1873 1874 643
1874 1875 272
1875 1876 605
1876 1877 784
1877 1878 567
1878 1879 210
1879 1880 444
1880 1881 943
1881 1882 107
1882 1883 225
1883 1884 424
1884 1885 318
1885 1886 873
1886 1887 47
1887 1888 224
1888 1889 821
1889 1890 489
1890 1891 865
1891 1892 661
1892 1893 61
1893 1894 648
1894 1895 451
1895 1896 924
1896 1897 120
1897 1898 483
1898 1899 497
1899 1900 212
1900 1901 207
1901 1902 700
1902 1903 338
1903 1904 431
1904 1905 90
1905 1906 589
1906 1907 991
1907 1908 678
1908 1909 438
1909 1910 911
1910 1911 406
1911 1912 812
1912 1913 401
1913 1914 87
1914 1915 492
1915 1916 596
1916 1917 73
1917 1918 922
1918 1919 511
1919 1920 787
1920 1921 16
1921 1922 913
1922 1923 338
1923 1924 664
1924 1925 388
1925 1926 898
1926 1927 597
1927 1928 397
1928 1929 27
1929 1930 705
1930 1931 174
1931 1932 968
1932 1933 560
1933 1934 647
1934 1935 321
1935 1936 873
1936 1937 771
1937 1938 422
1938 1939 370
1939 1940 823
1940 1941 637
1941 1942 730
1942 1943 833
1943 1944 595
1944 1945 590
1945 1946 430
1946 1947 983
1947 1948 245
1948 1949 783
1949 1950 193
1950 1951 42
1951 1952 238
1952 1953 136
1953 1954 925
1954 1955 808
1955 1956 342
1956 1957 77
1957 1958 473
1958 1959 376
1959 1960 257
1960 1961 134
1961 1962 405
1962 1963 581
1963 1964 752
1964 1965 911
1965 1966 727
1966 1967 340
1967 1968 87
1968 1969 646
1969 1970 80
1970 1971 740
1971 1972 817
1972 1973 443
1973 1974 546
1974 1975 77
1975 1976 286
1976 1977 330
1977 1978 556
1978 1979 167
1979 1980 801
1980 1981 461
1981 1982 565
1982 1983 780
1983 1984 543
1984 1985 577
1985 1986 575
1986 1987 393
1987 1988 925
1988 1989 214
1989 1990 408
1990 1991 368
1991 1992 274
1992 1993 764
1993 1994 809
1994 1995 774
1995 1996 630
1996 1997 460
1997 1998 519
1998 1999 627
1999 2000 182
99 1685 353
209 1487 889
1464 1770 924
939 475 471
1453 1447 365
1674 640 512
360 289 554
1539 1467 297
1643 896 431
4 980 92
1132 1994 190
914 233 396
1067 1676 300
1472 1486 461
1349 662 848
766 552 98
797 465 871
776 1966 475
1956 686 193
508 1253 496
870 413 403
749 1141 796
404 1730 749
166 128 992
1429 76 168
1461 1816 232
275 272 865
244 1689 940
21 1123 34
1526 122 55
1088 1331 170
1011 626 520
407 792 904
231 1698 984
1175 648 437
920 1985 623
754 821 116
491 1226 694
528 1613 996
1224 1557 390
124 1800 23
175 1940 957
167 606 981
876 1792 879
482 1732 512
1949 1042 519
865 290 44
1998 203 629
882 1935 731
227 1276 482
1980 1779 963
540 861 853
56 856 73
1368 842 102
1364 1109 76
733 721 133
1905 1268 813
197 367 8
500 1274 303
1157 542 613
852 471 280
1182 904 344
1047 1176 260
1733 1768 419
1974 1489 361
1969 34 519
1978 67 574
216 1517 33
505 1540 294
658 1977 637
925 1888 299
267 1674 515
1285 1482 133
1531 1834 44
1341 144 301
454 1158 979
1143 399 644
1965 1822 238
752 40 214
282 134 117
1598 287 176
1768 505 317
987 1542 646
689 767 419
79 812 274
225 167 913
228 412 941
808 324 976
1120 1584 91
241 1748 213
513 1307 74
1945 1230 781
385 1070 48
959 969 85
530 818 925
1127 315 116
1018 1713 511
1253 37 952
939 1276 548
360 1639 509
602 1938 535
1246 1451 591
1819 1543 372
1128 854 740
243 270 400
1200 1545 246
1591 537 583
729 866 348
230 704 765
1936 1307 859
1826 1758 830
991 317 605
169 925 74
1741 1966 770
483 148 513
493 894 581
692 187 458
122 1455 563
781 1245 282
1126 316 427
21 1131 33
404 953 357
788 1973 979
1266 1713 793
898 1063 263
847 709 742
1932 1425 880
816 1074 81
1269 1757 170
1882 896 263
958 1804 402
60 255 514
442 1065 203
190 1054 6
1821 1355 641
34 1175 306
1510 952 409
476 1301 670
434 993 661
946 1552 25
542 1850 169
563 306 670
848 1573 294
1924 787 446
277 365 738
1488 143 446
1885 1300 119
1833 959 85
488 1366 47
1188 656 535
918 85 56
1152 670 404
926 468 506
1204 189 20
1015 99 34
1273 1671 860
136 11 474
120 1802 466
1633 1771 351
499 1941 620
1152 1834 102
765 118 646
1866 1872 785
1505 356 869
661 509 222
890 1741 892
1294 52 455
1315 639 844
237 1677 498
55 1284 118
1670 1728 669
1221 1011 784
814 1853 697
52 1558 992
1291 1934 239
1010 1761 423
1484 14 155
445 842 859
1389 1842 414
64 836 810
1167 951 641
1882 1907 526
1965 1511 912
955 1294 889
1710 652 800
117 789 580
836 1953 16
394 1726 429
1674 1935 653
833 674 649
1274 838 238
308 71 715
819 1190 943
869 1380 87
1569 1290 518
693 1155 766
1254 1330 962
1549 378 962
1123 1294 566
773 57 271
469 485 410
1236 545 850
1434 1317 618
285 1072 281
1128 295 183
1643 372 327
1544 1494 688
1968 1527 765
999 1253 651
936 1078 758
1281 495 553
1651 687 771
1442 67 665
594 536 799
1982 1044 480
1067 526 76
712 513 781
745 156 220
1106 143 942
1512 362 796
490 1966 148
221 1149 39
842 1755 339
1995 1346 239
909 329 379
57 155 789
1847 1956 108
276 70 691
1987 1227 62
458 426 11
842 98 185
31 1024 926
55 933 390
775 351 991
1657 962 897
235 902 356
725 807 122
1587 1012 355
1415 500 176
593 530 927
1788 1456 616
560 201 641
198 1836 931
935 844 296
224 1878 507
1794 6 132
379 874 627
1781 1117 255
183 1806 493
969 428 979
366 1319 309
1954 1025 874
2000 1086 731
920 1702 329
1154 983 698
204 795 638
89 419 748
404 558 551
707 273 727
1235 1455 554
734 1962 237
672 900 395
1006 147 397
1167 1083 231
1766 1296 58
409 175 121
206 529 978
1183 1845 812
119 1068 16
1487 163 159
45 116 566
940 1794 446
1323 1219 684
1741 1039 406
1318 1316 822
1094 1820 930
1481 719 123
1124 1180 298
18 283 697
612 1141 577
633 796 329
895 400 983
759 85 792
1350 649 304
1319 1668 445
1812 65 379
1031 1328 268
1798 1860 591
785 987 451
712 1364 528
190 145 295
1109 1709 76
795 1332 801
1433 1877 930
1555 1760 260
1412 1322 830
1361 936 674
1633 792 389
1029 1686 148
249 1150 58
137 460 772
462 1209 515
928 1951 875
1194 1362 343
1715 846 126
735 1971 97
1423 1915 982
698 403 826
19 1629 557
1096 1235 697
186 273 888
674 190 962
1687 1158 446
64 406 756
1548 1113 124
38 829 812
655 1766 710
493 332 233
220 1232 924
752 765 79
420 1578 195
1373 258 829
1631 1226 521
1662 170 937
145 1001 844
1766 755 624
380 155 148
1452 36 852
1594 424 655
1316 1214 77
1449 181 109
965 1765 571
1749 525 704
1445 868 770
1045 832 929
1802 829 262
1045 1506 71
1977 442 366
1323 1676 373
1438 1556 9
557 244 803
151 677 699
1534 1298 375
543 1384 651
1334 5 137
1476 841 192
1604 1546 154
21 1990 652
1356 1936 472
639 1544 545
864 1398 114
1749 1382 599
390 1196 859
906 1614 374
1610 1928 934
81 1760 225
1913 1880 2
1164 1063 965
665 1418 344
416 529 7
1597 865 439
370 1363 481
1929 391 493
22 496 700
1894 20 729
1845 244 229
1086 1255 581
300 1487 718
164 77 119
1788 218 641
294 358 479
1372 542 770
58 548 345
1703 1820 739
671 986 940
1234 1439 265
1479 741 97
516 1296 978
534 610 579
1639 1353 234
1701 1729 309
1030 144 814
108 619 794
1248 559 449
885 1728 99
1591 1844 342
567 1181 62
1555 1889 544
1524 1514 454
966 1116 845
1986 730 494
1197 1202 396
1767 1463 75
1683 1682 839
1758 1528 641
1085 1443 993
1948 1874 341
1835 335 505
281 665 141
112 1275 963
433 1400 401
1452 749 800
1347 1939 710
1574 1645 894
1401 152 637
1670 1798 835
1691 1063 675
156 1977 602
384 1049 599
741 1462 805
1968 394 164
996 111 352
400 1731 507
1801 955 562
1015 1746 779
527 23 726
304 1734 372
457 524 236
725 62 852
1261 105 402
702 291 973
1460 543 563
547 1477 25
611 1813 786
1475 1757 139
1152 273 547
1742 1066 648
1020 1604 1
740 1342 575
227 775 37
1838 1603 406
1015 455 877
79 637 502
990 1858 414
1595 263 870
1414 1657 526
1562 1421 402
751 972 314
267 1337 54
1552 347 63
1221 582 795
106 1946 472
1560 1797 224
1666 1163 793
1666 1844 846
357 1733 744
1899 742 93
1256 986 574
1268 1760 120
438 1632 13
157 630 166
510 800 146
1251 1897 509
288 1592 54
174 1588 591
895 1726 569
962 1639 659
1549 1374 139
1932 308 974
672 126 696
1931 1998 180
477 1933 745
1008 1235 980
1946 1072 940
1169 298 322
668 1576 55
40 30 935
916 707 287
1988 1071 492
611 1525 235
680 1752 162
1168 1854 90
823 240 969
650 1261 956
1365 1132 603
1286 1615 408
1267 709 11
1476 43 934
628 410 262
1277 1044 657
1221 1827 592
1622 1738 179
1610 1205 520
203 69 982
125 1278 564
540 1046 577
831 1303 263
1834 359 111
562 1935 469
890 1696 685
184 1282 244
744 1376 99
1137 1519 360
1926 1606 462
218 1667 633
1610 155 746
379 1982 551
285 1259 514
1191 1369 453
1466 158 874
422 218 297
1637 1507 509
1805 1001 302
1309 1356 150
111 125 363
1168 993 878
820 1593 515
1519 1712 209
462 1270 327
1830 355 170
241 414 874
1634 1605 209
1919 1544 210
1404 896 703
1976 1991 633
168 656 91
1261 1038 613
1236 611 397
2 140 832
1776 59 41
1326 1517 448
869 162 784
1604 755 493
1752 878 580
899 1406 555
1900 1116 848
1 1639 770
706 1624 119
730 1685 633
23 1188 139
345 1541 808
1239 1310 905
1324 1109 63
979 1236 420
228 1074 340
841 1949 787
231 583 290
1787 1043 128
80 1029 904
536 975 830
1714 56 492
1901 713 790
245 1489 768
1744 1990 607
25 1398 569
95 543 388
812 1041 506
1614 1339 741
1545 63 105
584 1356 812
1961 1454 273
669 1698 469
1380 1549 625
1779 1910 160
851 727 664
252 62 301
635 1710 232
1833 1592 126
1611 819 367
1654 1049 498
1847 829 964
851 1826 547
1458 1728 166
1285 1487 763
1400 1013 825
1051 279 410
1649 53 96
1024 1115 660
1785 1762 962
1649 390 45
85 303 357
853 1822 916
1775 660 818
360 259 314
449 1682 382
983 30 789
1656 768 74
1999 1092 467
1646 1638 182
1765 1033 472
1241 411 872
370 1576 294
717 129 158
1551 1400 666
1973 779 974
1826 255 587
1775 1923 822
1551 652 172
860 92 90
1575 110 113
318 1242 817
483 1681 119
70 142 530
689 945 76
1291 1607 87
343 372 959
1973 862 496
930 758 847
166 999 373
1467 336 272
1755 263 338
450 1078 314
898 1611 852
1571 1840 118
1348 984 798
1959 511 156
484 1706 978
1118 1344 68
1597 237 505
1031 155 566
1521 1296 298
1935 1581 515
1589 553 780
444 1008 366
1531 106 255
1451 1187 543
1424 1923 761
1245 1197 809
1071 1910 864
604 1391 986
956 1885 822
1338 293 549
539 1375 955
1916 1258 375
580 1370 936
487 1229 645
1697 1850 3
1478 1609 639
449 1955 430
262 1013 717
989 343 848
659 1574 889
214 398 765
496 1099 127
231 1557 721
1214 868 651
1611 1857 82
1423 149 761
1093 1138 742
280 1985 764
1389 1617 846
291 1066 351
589 1282 363
1232 642 647
418 151 282
1076 1195 692
1105 1060 788
1940 1073 928
1682 683 830
1111 1368 268
28 1118 130
3 656 230
96 1953 212
373 1564 515
901 649 667
715 473 529
729 611 238
1613 464 951
368 178 589
1611 533 399
795 1560 833
559 1578 33
1218 547 159
666 1751 874
398 1256 387
319 1917 657
408 962 484
110 10 829
618 1174 160
264 1012 116
1767 538 102
1934 1002 246
481 1125 133
1774 408 880
1474 1783 123
93 428 656
211 879 443
1892 1413 574
835 184 342
1331 1808 216
1300 71 946
1064 1311 415
542 189 183
1770 587 949
134 120 96
584 975 965
455 996 439
1491 93 652
86 368 707
113 1455 978
1867 227 64
1915 1219 910
1400 1332 979
576 12 837
1664 1657 266
1602 1932 161
903 1222 551
956 964 307
1066 17 69
802 1988 87
1171 1206 895
1771 972 46
17 584 914
1593 126 232
437 659 715
1288 1138 871
364 1196 818
1436 1591 541
722 1707 300
282 1413 708
1258 1539 650
1431 898 203
484 1237 235
1006 1995 14
1430 591 117
1338 1917 732
1016 1740 436
1927 1298 7
1998 660 672
1815 1706 16
1378 280 108
1404 8 778
1257 1734 8
755 929 517
1414 1690 148
1649 186 13
659 1972 471
577 1076 255
725 31 957
480 341 714
1148 310 428
623 715 660
314 1706 949
567 883 465
587 1110 513
1566 435 477
911 1330 700
1478 1689 424
1260 802 22
1858 1429 929
1681 1541 466
1139 1957 952
467 1618 645
1971 1887 163
397 1457 148
1476 797 561
1524 997 984
743 1958 89
1185 332 540
1747 1598 574
957 881 684
1605 1060 664
570 1565 446
624 390 811
612 1040 793
629 1538 483
1094 527 973
1922 1976 963
825 705 972
1054 439 463
1185 953 259
620 953 155
1934 24 739
1310 1856 515
1357 1197 520
779 875 471
1358 1276 402
467 292 376
817 1750 267
1424 855 212
1881 1928 735
925 265 739
1151 1202 373
1379 1025 288
1699 1211 971
444 571 21
287 1168 963
1376 1587 392
970 1690 269
1020 923 7
1607 1112 860
495 1070 849
988 499 151
762 522 495
1286 993 216
1151 1101 165
1574 1098 932
809 990 655
442 148 981
1318 1337 101
544 1485 142
1016 793 564
272 1321 255
867 533 636
89 1409 371
1991 389 636
146 419 290
1216 1498 449
590 399 536
355 1920 161
1332 587 890
1830 256 220
942 1385 910
1625 1270 623
135 1142 761
823 1915 664
408 989 444
947 741 241
1558 1631 431
1420 267 134
1989 500 985
735 950 721
359 471 677
1081 476 823
1703 319 989
1110 653 553
108 1605 393
1108 1520 267
1236 1853 82
1247 1823 474
1943 1408 358
900 1801 312
1725 471 271
1712 524 937
1705 1967 154
68 315 60
783 785 164
1637 1231 946
1555 943 863
1033 1965 92
4 45 547
112 1375 845
1504 1426 230
1825 203 652
1 317 390
1014 1728 647
1820 1962 315
1837 289 178
688 558 893
388 1159 640
1800 728 969
677 997 799
1394 1194 760
173 1925 275
28 330 497
1733 1571 35
277 916 596
1910 380 564
474 146 961
1159 1968 868
343 1133 116
126 279 461
1366 1727 995
1864 352 556
1350 1824 545
470 1167 295
1104 415 911
1012 1737 291
1997 1123 543
1514 399 757
72 1481 258
685 681 882
1114 1427 293
1376 9 803
1442 817 77
1047 1755 446
834 1736 355
288 1624 582
1508 121 310
1525 1901 982
877 1412 100
493 1755 361
858 1770 519
190 1375 408
1594 397 850
1155 534 62
1017 1893 799
1956 372 974
171 1097 769
317 834 66
1131 1786 925
171 1064 229
1348 763 570
979 1840 256
1395 1818 855
424 997 313
757 1454 520
1811 1740 49
1694 55 704
919 1503 454
1167 1492 559
702 1859 409
171 1454 482
679 1707 922
1052 605 306
767 674 127
1722 999 589
19 1183 509
1294 1081 614
1380 313 314
235 949 281
1936 641 513
1476 251 27
171 907 784
924 597 502
1077 1403 336
361 961 807
1860 107 962
1387 1939 597
1585 466 113
1607 827 329
1440 834 822
573 671 144
1029 1500 154
872 958 190
1712 145 782
1695 1666 325
804 683 678
1631 1344 964
797 1034 772
36 1763 251
1604 795 997
1965 1854 325
285 1361 64
609 233 673
498 1633 25
1922 1654 60
857 114 909
806 1536 145
1171 1886 228
965 1061 757
550 47 735
794 873 812
579 1016 726
346 1924 891
16 673 845
1040 290 510
330 1497 641
1478 433 32
533 548 261
1660 1314 838
573 1885 5
1610 576 543
442 1151 794
683 238 891
841 647 330
1665 1230 263
785 835 574
1793 198 934
714 768 787
1934 1506 787
1540 514 929
1709 801 624
262 1770 519
203 150 607
578 372 174
100 938 66
1063 535 679
1890 904 513
1309 1059 706
1135 653 593
1869 1370 871
1354 295 627
553 560 622
645 1680 23
209 987 519
1391 7 103
1233 1139 943
1906 1734 595
1979 33 306
390 707 667
1307 923 358
6 1965 627
170 1826 714
1675 279 12
1687 1403 626
280 1183 727
413 381 108
1355 1817 436
453 62 391
181 1282 896
1137 1040 245
1261 1871 348
1680 1171 690
153 910 254
1343 434 302
69 370 597
87 376 938
749 821 554
1934 1709 539
1327 290 609
297 589 933
1465 1269 246
1103 507 965
975 158 201
1562 981 321
228 1744 172
1305 1638 385
1474 357 659
400 57 188
728 1219 609
1664 885 787
858 402 800
886 692 118
1902 838 704
748 418 828
1412 1438 650
1106 1200 569
47 483 566
1280 136 863
1556 661 587
1602 540 829
1493 786 229
1704 1951 856
89 1059 750
824 291 436
425 560 276
1515 270 81
1361 300 483
1291 124 22
1995 1239 528
1707 493 804
1305 1741 64
44 1475 200
559 1062 136
656 638 92
713 129 382
1763 761 259
1506 1857 506
457 1799 373
529 586 399
523 1338 542
375 1594 388
1021 731 623
1310 985 17
1945 551 309
217 1275 603
1766 1309 534
416 642 419
1605 1361 379
227 141 671
1153 182 612
1263 11 717
53 659 181
344 1097 501
111 1223 831
644 1356 406
1166 94 710
1041 729 322
272 116 571
252 897 532
879 777 30
181 561 627
14 299 395
875 1305 329
1713 838 644
1414 1083 718
839 1515 723
836 891 344
238 1427 851
469 695 662
1360 97 743
294 1780 696
1482 792 80
27 725 816
1953 456 938
1262 1877 736
1985 1584 889
658 310 988
1795 70 644
1599 1545 892
1234 526 282
154 611 618
734 1643 29
279 305 109
888 639 140
458 224 890
1910 44 143
1599 1437 871
830 1460 685
1683 1224 619
578 732 522
729 1998 849
1842 949 202
1235 89 378
1278 1529 409
608 1552 903
1388 1989 554
333 1621 941
270 1553 134
1856 749 341
274 1786 537
1449 1815 143
1011 763 327
1327 1215 870
1756 1256 86
770 1531 989
94 1905 264
826 33 789
331 603 548
438 430 898
1616 1421 327
1017 1664 269
1468 1980 959
707 1654 410
1982 136 703
942 1648 901
1663 1011 180
740 1794 679
501 769 952
1459 1217 515
518 1677 311
1895 1594 65
1439 736 870
1930 1439 830
1578 273 496
1281 1152 199
1423 1623 966
290 843 99
1150 1784 629
361 1881 517
629 1926 46
754 945 582
1261 287 732
240 1926 435
427 1596 193
1729 1626 378
121 1648 820
913 1469 361
145 1823 93
1198 952 770
1496 1323 975
1967 1147 742
1022 1542 19
1478 1370 440
879 1966 411
1844 211 474
693 525 621
431 1652 161
883 1762 814
139 1124 675
1205 631 487
2000 1094 101
1370 1810 367
1788 1356 538
977 285 659
1317 1032 157
596 1991 972
982 1046 232
1858 1199 504
1711 47 545
200 306 680
1909 1368 983
134 1208 881
969 920 244
1379 1358 732
496 150 490
1624 275 771
1656 1649 50
281 294 137
101 1495 594
762 1301 111
647 931 795
1376 560 50
1424 79 225
2000 95 284
364 206 363
855 898 490
1818 1930 150
695 1501 282
511 456 846
1664 585 616
567 152 853
1192 1565 534
279 1318 57
296 169 200
1477 3 518
1478 429 528
1402 923 238
52 916 341
1161 1616 383
564 1652 834
771 1495 334
703 9 793
1102 406 158
1126 1212 263
1392 484 180
1637 1670 856
1183 1136 518
119 1859 326
1664 778 647
121 1574 125
429 1273 698
413 1405 623
1575 830 639
896 1895 559
1725 840 745
1677 603 323
1062 1607 291
1902 427 666
182 845 232
352 457 897
1839 1392 668
781 1165 9
44 1899 198
160 1656 301
950 1589 86
295 893 975
1883 1316 165
1486 1385 327
833 1436 825
1095 1679 939
1163 637 57
668 1524 379
857 704 857
6 398 415
556 1607 11
866 1531 304
903 353 598
1790 1209 490
1542 15 522
389 97 5
677 1545 22
1436 77 220
1658 1111 580
652 705 512
153 304 165
396 1483 950
1847 543 841
1959 1111 383
637 1008 818
1226 1063 805
790 1852 932
1911 182 171
1347 67 968
1260 706 419
392 68 135
1105 1955 510
903 1120 189
1446 138 436
939 1859 402
1985 1694 833
522 697 923
1667 807 216
301 1488 393
115 767 647
114 887 596
752 1446 693
1760 1847 867
1627 737 815
181 112 364
1469 1347 817
609 738 404
1712 330 623
821 1499 369
459 1215 57
105 1223 971
439 1029 177
15 1462 616
193 1782 45
1064 1528 722
1801 103 488
715 1727 414
1852 578 720
1161 1637 156
1162 777 193
1657 1701 879
620 54 842
1401 14 395
1202 1496 372
1877 1196 700
362 1605 727
229 1534 779
874 68 184
93 113 797
1522 1661 529
1006 1087 568
1423 496 491
608 1072 660
586 744 176
792 182 907
1706 1110 763
1017 1604 18
650 1809 113
1871 854 114
512 1220 226
307 1686 116
335 1277 634
1268 415 299
1263 153 799
655 1913 790
528 1464 790
1028 126 442
148 567 685
164 1617 911
1249 1584 622
48 499 674
1370 1789 393
1551 1945 26
1957 1974 160
1479 1840 124
1321 1273 618
731 1929 380
262 1862 340
1357 1613 234
545 7 593
1424 1071 158
1290 978 646
1704 1969 400
1698 1158 398
828 311 949
567 1178 587
1856 383 550
1514 759 734
1676 98 593
879 704 302
461 1634 477
909 1533 313
330 1103 242
432 1074 899
689 1762 381
1456 1542 761
537 816 830
606 1291 13
693 1287 820
1626 244 92
1920 889 743
1553 1189 414
599 1643 98
1405 1307 950
564 1580 667
1259 848 514
895 1685 176
1535 1380 868
1937 1007 854
1755 1405 12
654 656 594
1569 936 565
1959 1765 723
1719 1266 209
614 169 208
515 1195 159
1006 631 527
654 1660 529
1561 451 721
1529 291 801
391 894 622
39 1969 132
1175 130 312
579 1376 589
923 22 233
148 20 245
1194 1831 411
825 1615 739
783 1884 922
1141 114 758
1439 1587 651
550 1100 935
1937 1587 278
1875 1147 333
624 748 607
1441 1085 191
497 613 424
1316 1918 912
1033 1220 320
435 1439 210
1239 531 776
895 1362 919
1586 52 728
1380 666 16
1946 1743 1
993 833 787
1561 1969 508
675 58 592
861 305 658
326 148 84
776 1931 909
1538 1928 106
1797 1010 939
1864 1127 765
987 1239 856
1238 52 570
1464 1234 802
392 910 919
1815 348 856
441 341 778
760 308 456
1590 873 666
1520 744 43
1308 1459 405
1436 986 936
1025 359 739
1655 825 746
629 1417 38
285 1774 47
1828 275 229
967 1619 275
1839 462 880
992 1409 817
225 1310 103
392 1022 257
1265 173 828
940 1065 484
1744 1850 650
1356 617 447
1468 1617 787
806 546 97
1791 150 581
508 1917 163
1574 563 38
1924 1417 41
309 905 977
1950 1974 779
1508 1374 698
1077 1288 207
1754 365 910
815 1758 868
128 1047 341
532 1128 974
1086 794 409
425 46 479
1422 1592 690
1805 1588 319
71 1039 782
357 387 550
186 1193 668
1852 219 3
395 1075 193
1716 797 164
313 1641 60
952 345 791
1817 613 927
981 1685 867
1748 974 542
1766 654 842
715 897 948
232 737 881
571 868 78
689 1837 424
1157 39 601
849 1343 953
1819 1881 138
1857 105 508
1431 1091 909
587 200 220
437 912 311
1728 1392 296
1355 711 274
1804 1881 636
1206 478 767
853 338 204
1590 217 864
205 971 640
1253 213 170
546 1660 512
1125 1764 255
576 422 578
834 836 422
1512 1815 248
27 802 290
628 1848 50
1111 995 350
437 137 33
1351 118 517
1459 862 710
162 498 982
735 425 326
529 98 716
813 477 141
1575 960 31
22 539 627
638 1722 361
169 1512 535
1913 1211 632
207 287 245
733 965 894
180 1034 600
1791 362 403
408 378 255
719 1876 384
577 983 337
650 1040 118
1958 558 120
1374 306 194
1285 1996 215
68 241 735
1438 700 224
497 1707 243
601 808 953
851 988 509
695 1868 947
1331 65 119
1817 1361 434
1294 1075 220
123 1719 11
302 709 156
863 589 727
1159 1533 891
668 80 617
1772 1013 495
895 1012 801
1540 930 880
589 833 578
1961 334 203
1012 29 765
1632 636 737
1366 522 929
976 707 289
1187 1179 946
621 1337 696
484 417 744
984 770 405
358 178 172
455 38 824
970 1103 120
542 1414 989
1203 1400 234
464 1401 954
1485 249 440
976 156 991
503 355 228
177 1412 122
503 1264 277
861 188 260
1783 1964 690
1446 961 319
939 205 263
1842 475 306
186 1961 587
267 1063 465
1251 1275 843
336 1720 702
1883 1963 483
254 1575 538
516 888 859
575 1905 385
311 243 186
1603 1396 560
1583 765 516
1001 763 533
1282 1342 424
1139 1418 514
177 430 934
795 1824 667
1703 915 89
1710 311 742
1983 181 230
1655 1485 526
1125 399 357
1764 1712 39
360 935 40
1435 1685 901
26 1873 744
571 373 237
337 1453 221
341 145 673
1128 882 633
1000 852 20
1485 271 597
1682 1376 646
1556 293 210
1193 1607 27
818 1561 85
1257 626 775
639 1592 766
1650 1196 206
1527 1096 190
1197 993 561
1793 827 401
540 896 131
1796 932 643
1934 962 676
1647 281 27
93 238 476
527 699 438
573 1968 976
1904 1918 223
1869 1084 515
933 1364 710
742 1918 865
937 503 441
1580 1224 309
198 1248 361
1836 1080 803
1629 529 231
531 1841 855
1248 1153 635
1617 1434 917
1689 201 60
1988 868 377
1266 555 96
1847 964 123
1072 1483 712
1298 1843 969
811 1900 416
377 742 334
1017 1508 677
318 1561 190
205 93 321
1607 271 479
1740 120 323
1184 849 960
950 1263 470
1611 300 824
1107 363 516
845 24 81
17 112 112
1125 204 607
515 1339 979
287 1404 331
97 256 788
1871 963 398
1999 509 248
1226 1289 226
1597 1307 969
1544 1982 164
1576 483 52
204 242 124
1057 170 777
970 1360 762
813 1578 492
775 871 684
1650 878 454
1368 917 535
655 89 436
1972 1114 223
1097 502 893
783 1277 338
1181 493 28
607 1700 980
1683 1891 417
1353 340 314
416 249 704
260 172 803
1063 730 453
14 884 417
1113 1807 981
1223 1644 716
127 756 657
1095 1330 739
334 1840 844
1499 1635 894
36 540 693
1575 1004 991
1639 959 786
1885 1055 153
1307 748 611
13 997 86
1301 1751 918
1182 1469 832
361 1762 175
670 1222 586
1557 1938 979
1639 1706 420
1048 1182 370
1262 1382 366
1100 747 759
184 1582 504
1721 1056 77
1832 292 341
8 1475 439
735 619 330
485 636 71
768 800 363
398 1763 407
1553 1299 549
794 1556 17
461 1169 750
1010 1315 723
1278 329 984
1128 261 303
77 1455 821
320 1597 979
496 68 461
1110 1053 947
528 1113 745
313 1335 155
638 420 49
334 1980 746
805 1511 653
1513 1900 734
1014 976 644
1478 1358 654
987 975 774
1587 1127 936
1564 1652 486
961 1839 887
927 385 799
511 1941 29
99 1056 609
643 898 910
1434 1419 164
989 825 904
999 1921 562
762 801 357
1095 346 599
673 866 543
1833 572 724
663 1632 611
754 442 935
1187 1730 749
1861 859 2
957 966 117
1217 252 807
1177 722 653
1518 1282 960
98 1381 414
14 505 533
683 602 27
1284 1353 390
337 867 223
1875 1367 911
862 479 17
1653 1889 645
887 306 325
1725 598 877
661 582 698
366 1157 67
970 948 536
1445 789 935
1944 1370 886
915 1190 387
1183 1196 751
1220 288 81
262 1882 876
1909 93 843
1685 600 915
1545 342 616
1225 98 760
1241 192 99
436 1403 634
84 1869 581
126 1354 766
719 643 572
1045 1636 930
747 53 273
893 412 20
310 16 7
778 547 507
858 956 564
1553 1373 894
1380 1037 84
291 978 116
1077 1879 869
1611 1684 479
1559 848 897
1414 1013 154
1233 926 397
630 409 966
1191 5 32
1840 136 725
114 941 857
576 509 445
828 732 334
489 1597 297
1313 1365 110
67 811 110
1548 367 64
347 1829 43
1769 1564 26
260 543 624
553 1426 33
1741 1934 771
770 1453 238
1596 1446 514
470 322 94
153 491 638
780 662 701
817 422 378
1263 1820 494
956 148 703
1136 1219 168
1552 1372 651
1386 622 616
1512 856 840
549 732 192
1833 1949 956
446 1227 955
1659 1802 607
1765 94 223
328 1411 399
1528 1366 933
672 1673 694
1286 229 188
1267 108 279
1393 207 449
1000 1242 242
1179 905 591
900 1538 431
1934 171 754
1110 610 190
390 1369 87
565 1353 332
1326 1658 59
1053 584 841
1086 1556 178
1001 118 468
658 1233 630
1367 5 588
407 969 229
1744 910 775
1153 1473 851
1791 492 62
1008 1038 832
1212 328 843
1413 1346 868
1354 1002 636
1555 1237 203
1890 1669 613
619 1880 321
1197 711 11
495 262 701
740 1225 939
380 1081 699
342 1640 213
84 1548 242
105 209 603
1874 612 685
1053 817 983
761 283 917
374 1385 900
1677 126 290
1341 1743 612
671 530 478
135 1236 58
7 1680 623
1346 1229 323
910 1985 840
716 1729 22
663 1743 557
510 991 474
1167 1520 184
855 1867 322
294 833 860
1370 499 41
1567 1241 607
1054 1636 112
1880 1492 135
1090 1533 969
1973 1616 621
1934 1576 738
1226 137 608
1706 64 723
191 794 557
129 886 205
87 1726 3
947 328 181
1785 836 556
270 498 448
1227 438 816
144 1755 358
767 285 400
1732 1759 915
1897 1193 888
1721 1507 174
192 626 386
34 1445 121
853 1925 949
544 233 344
633 1365 655
393 755 379
1267 776 764
99 913 282
543 1677 365
1905 1491 929
550 581 22
1218 1892 229
643 1293 399
1190 1217 428
438 1259 702
1280 759 656
628 671 120
573 1746 751
78 1550 293
123 1859 8
1004 1968 181
798 733 267
248 1008 435
1653 541 835
545 864 962
1905 1206 466
1916 1791 994
1326 1356 11
1177 1979 431
1181 1600 932
1519 675 466
522 1417 148
519 1878 390
1727 1436 947
1697 1635 502
301 895 649
774 1554 148
1552 1379 115
444 811 956
1813 1190 123
272 1969 575
1541 1237 156
1170 1888 479
1221 325 587
1341 642 269
219 1076 888
911 155 457
433 1581 687
298 453 723
278 1657 323
1975 993 322
1823 912 752
16 134 470
1477 24 809
59 267 291
675 1358 247
166 675 3
1107 415 814
847 1567 961
457 471 31
88 1504 51
122 1387 243
997 1712 280
229 815 661
133 1343 460
1487 249 571
896 1248 306
1399 235 176
400 133 300
493 531 571
845 1949 516
632 1916 404
1423 1904 491
898 970 551
805 911 821
588 1575 559
1747 589 603
350 425 550
368 821 115
476 450 84
190 687 693
1285 1005 538
625 1145 931
1585 1634 568
1840 1016 462
1440 1353 269
1168 135 235
897 300 909
2 263 592
1711 981 410
107 1610 835
232 1236 800
1279 217 763
1517 1360 565
1210 312 645
537 845 938
545 672 971
1160 1377 628
673 1496 741
1727 436 530
579 295 269
231 584 940
210 1578 948
309 1800 902
832 662 479
465 1866 967
178 1791 750
1234 1219 665
98 169 403
1210 1334 476
1753 436 495
831 102 270
1252 325 641
347 124 106
1341 613 969
1581 626 500
376 445 110
1069 811 781
608 1644 486
1115 833 676
631 1364 266
2 1746 363
581 1971 271
316 826 990
1217 175 132
292 1754 811
1737 516 869
1475 415 892
1105 7 200
1974 1295 887
255 1589 286
329 1273 994
1498 220 194
871 950 467
631 1239 349
1261 736 619
791 754 931
714 1125 860
1892 1299 349
507 266 271
251 1953 744
823 1038 834
118 1456 190
1573 1369 977
579 661 731
1692 1055 762
1028 1565 605
274 350 243
794 127 953
835 720 998
1137 727 772
1769 503 580
1385 1040 233
1281 1481 350
391 1545 8
600 1872 470
327 1152 789
1031 263 417
176 1899 545
73 603 157
923 1698 414
1160 940 777
1671 1691 993
414 501 145
1721 1348 927
1642 1536 373
466 744 856
543 144 464
1751 1372 566
98 275 598
1718 1412 37
332 932 968
1249 974 578
586 1585 321
1889 936 253
1969 825 334
1497 1535 860
1225 1368 600
68 1450 710
1797 1402 527
1349 1609 693
1568 898 70
1988 792 406
1861 1337 401
1498 625 903
1839 1469 326
1529 561 573
1615 1259 472
1898 346 432
344 1353 593
135 406 405
1484 1352 835
1142 328 69
1096 643 28
1550 1168 818
119 1428 882
267 1635 700
1452 988 494
732 1234 462
1847 1505 544
414 1369 985
1776 93 563
364 852 100
1124 791 820
1946 683 955
1468 984 101
863 1552 579
1774 769 178
1966 625 620
795 792 924
92 726 602
268 1202 19
1036 723 875
648 369 549
1849 15 939
777 319 822
1401 378 516
1523 1733 44
550 1092 449
1284 266 737
634 506 177
1317 749 379
649 564 909
1025 25 373
402 1509 965
1207 1823 868
868 1625 143
639 1342 136
1236 1173 229
1534 865 463
643 1476 421
1018 266 688
731 602 358
1639 141 47
739 538 529
807 496 305
357 1972 159
384 1408 483
1314 1373 775
16 1669 959
1134 478 142
975 1564 691
1419 94 152
1706 1590 804
273 1638 680
123 1674 990
997 1517 260
1402 92 173
1499 203 987
1565 515 346
1619 1814 91
228 1535 577
1576 1593 994
1391 1153 331
129 63 404
1415 1032 899
588 546 504
75 1348 115
1315 930 174
143 1199 1000
1348 524 423
1374 163 400
805 1372 857
903 1808 930
404 181 811
1839 1031 39
426 1365 629
430 1491 97
1274 797 663
1525 1738 284
1096 1744 860
1286 1419 334
1012 1729 603
12 197 304
1532 1295 793
1829 1049 684
1608 901 45
1266 1041 854
897 1515 537
616 845 626
1704 1072 559
773 649 592
544 827 845
878 1728 620
1972 1499 916
321 311 277
1175 1118 522
577 167 17
1251 1433 563
1900 1298 384
973 463 714
1720 1714 766
396 73 368
1267 1278 228
97 1531 2
315 1193 437
1236 1950 628
954 345 867
321 1083 816
1758 1040 844
1985 946 310
822 257 289
1931 586 914
784 1567 52
1962 1705 519
492 845 397
836 1089 796
321 402 246
241 1401 511
1483 72 762
1019 1851 698
370 851 274
1031 313 385
1604 1954 147
1733 555 918
1905 1683 526
494 1816 287
972 196 675
678 635 355
1618 1640 743
154 1665 873
1602 1611 147
571 664 837
1228 740 57
1100 1036 263
966 595 890
229 1870 226
751 1770 185
293 1548 122
1662 1996 70
118 1007 488
1507 1043 702
654 721 762
297 840 320
4 1831 824
1483 901 170
1835 1858 638
218 984 915
1479 229 622
901 179 174
641 1041 712
660 1314 567
1804 506 528
789 1367 131
1437 684 880
1756 1408 138
1535 973 802
905 699 591
310 110 723
1725 1814 433
782 1652 175
447 318 368
1568 876 161
1863 1988 910
589 354 180
427 741 267
1146 1562 352
405 1419 506
121 982 782
1740 1378 997
49 1854 399
1541 1850 288
1884 404 809
1769 870 663
1500 1294 498
1368 1828 997
241 1235 892
221 346 702
284 806 460
822 1409 156
1188 130 220
1173 589 102
1260 237 45
1675 322 65
511 781 866
50 1666 981
440 1138 223
1724 1117 160
1250 1549 62
1161 437 352
1366 1398 350
1422 1524 208
1901 1378 264
1738 579 226
795 1239 173
24 589 625
891 1461 461
485 579 298
684 1713 497
225 399 314
198 307 470
50 831 721
1871 604 635
1705 900 29
433 1405 920
86 1664 780
1160 526 241
1425 868 438
1287 513 673
1502 624 993
1788 419 138
412 1087 894
1652 531 6
40 1987 4
1610 478 622
539 1519 34
704 1716 643
1188 8 746
1720 1691 310
916 801 294
1193 864 115
671 459 316
1743 185 789
1750 683 509
1652 1347 711
1822 1484 403
1064 1896 266
1637 1385 275
1227 1912 523
1345 14 914
195 949 979
1060 453 724
1140 607 209
483 1205 847
1309 1712 596
1938 87 574
1439 29 79
12 1931 284
202 46 690
351 1343 508
218 356 372
607 1571 262
83 891 973
361 805 552
28 1504 224
1248 788 613
685 1417 850
124 322 45
864 1490 866
314 556 431
431 1944 371
635 1888 595
896 1769 296
1263 1106 862
1606 901 456
1785 867 337
479 13 109
558 1233 45
1702 1068 1000
1824 808 415
454 1867 35
1270 1302 838
1996 349 427
1214 1725 461
1674 962 721
1452 1843 276
253 78 701
1868 1374 541
1381 446 846
965 1127 394
994 1272 178
1908 839 836
1955 1398 987
28 637 365
669 256 748
1548 937 593
1450 984 380
1807 1002 343
178 1557 663
202 684 37
1643 422 474
665 1264 821
973 1297 479
251 1058 677
898 185 657
271 934 884
1085 1707 739
106 1774 109
1891 1623 767
731 1817 502
1426 1488 21
406 1336 221
1355 762 666
1017 635 70
598 616 15
355 1318 671
612 1209 132
1153 429 251
141 568 103
117 1163 968
1163 1242 66
516 882 109
757 1394 582
1026 378 875
1987 510 316
109 1483 865
628 1693 714
1271 1468 876
1227 290 333
1148 118 356
923 31 443
955 1018 856
1843 1029 827
1931 338 402
1358 1366 764
1887 1608 284
926 870 165
1344 1220 359
1478 468 97
959 494 515
890 1028 647
799 1086 876
463 78 328
1475 200 621
792 1143 704
679 1737 454
1386 875 323
748 241 341
1889 419 569
528 1305 696
775 1882 15
169 1068 609
111 157 793
860 1073 85
368 1497 599
1906 1674 737
1415 1165 170
146 153 231
1968 856 60
1512 735 805
1136 1228 847
1669 640 526
285 1833 961
1562 160 464
914 625 328
74 109 479
49 114 781
1452 1168 360
1086 1559 640
859 1076 694
512 681 456
209 155 578
329 859 193
957 714 942
49 92 223
1121 665 450
1371 880 460
1602 1596 580
1843 412 577
89 627 710
1412 406 695
1939 303 729
505 576 819
621 1107 573
1396 294 897
156 1490 221
1931 1411 631
465 1928 461
1203 341 890
1315 1526 473
840 1213 222
355 1652 663
1006 1482 605
1605 193 244
129 1753 469
209 1777 174
1095 217 999
1095 1016 35
264 1044 687
895 1897 157
1135 764 354
582 1460 961
927 1765 675
1694 509 442
586 1113 646
1969 1467 671
1324 1850 864
485 1539 215
1586 1557 749
994 734 543
345 797 477
138 1808 994
1167 108 491
1226 1561 8
316 772 493
104 1604 957
217 187 880
1770 952 244
176 1294 577
1737 1728 951
120 904 761
1163 1483 572
930 1803 455
335 303 42
272 1210 378
1473 1914 353
1828 1706 32
1146 1247 863
1429 1092 645
700 1549 532
355 413 77
1316 1224 544
1145 1890 835
1961 206 104
1643 1125 480
1836 1006 285
1953 1313 532
961 1279 63
1800 1608 691
376 1926 972
727 1884 194
1909 388 446
472 888 119
375 7 208
1666 1890 338
1107 1532 550
186 622 967
623 262 57
543 1692 513
339 608 432
833 355 40
1537 1143 843
1300 612 816
23 552 449
1886 485 827
1473 1500 997
1389 1801 281
1372 1302 703
1116 1268 377
334 570 995
1930 1420 377
1253 639 148
200 185 165
47 321 139
1843 923 875
1956 322 38
949 88 499
1093 867 541
482 115 335
1407 1626 142
890 483 172
1825 799 38
255 719 482
1222 1245 24
1002 522 664
1233 1143 285
787 163 735
1282 992 342
767 813 169
1587 1327 762
1023 336 804
1130 1138 711
1118 1084 852
45 1453 22
1480 436 9
1082 1748 658
220 1954 571
1744 87 834
1728 1350 449
145 780 12
1469 1620 708
1015 85 775
202 1700 874
574 1479 176
1555 1697 394
644 210 863
1314 884 690
862 1671 319
656 1641 162
1247 604 361
811 1044 312
888 1963 105
1753 494 439
964 1571 871
220 1618 742
1147 536 1000
200 645 400
1938 1442 527
714 423 888
1509 988 692
1594 58 893
160 1 455
365 619 866
293 536 582
1845 764 776
70 1545 827
1456 1481 872
421 1283 827
49 577 782
1049 1808 350
1541 1932 451
1949 347 316
1464 908 652
2 393 651
572 86 651
391 1812 950
1703 283 763
1344 314 615
1233 1604 58
1929 1623 25
1457 763 75
467 1552 39
1730 683 744
902 629 351
515 99 33
1099 191 982
1101 356 731
1843 948 276
1147 994 687
662 792 218
1475 359 4
435 1839 536
1016 1161 70
1236 1945 258
1844 1653 542
411 205 745
186 1078 486
1212 1155 412
933 511 189
1076 373 185
1093 510 426
1882 514 912
252 1437 606
598 1415 126
158 576 367
1446 199 928
588 598 581
1029 1804 356
1493 665 217
1899 1908 537
1018 12 233
278 306 525
447 58 41
554 831 936
512 1748 481
1368 1847 72
851 1051 140
448 1072 300
261 296 532
166 199 962
1985 477 810
947 1542 12
703 477 436
914 321 29
734 1994 324
761 181 655
1240 475 894
454 1469 52
1522 1412 934
1610 292 799
1151 1683 205
1006 1964 870
410 258 249
1542 1907 906
1544 410 597
880 1092 963
1918 1940 48
512 486 4
1175 65 980
1954 471 578
542 1142 64
372 1596 764
1461 1190 47
373 203 959
990 55 264
679 651 322
1883 749 131
876 1984 780
1780 1163 588
1955 1382 448
828 245 499
1258 1210 288
937 636 536
344 181 683
645 1844 736
1728 1282 286
644 1908 931
185 1920 464
1088 1492 751
1839 1379 273
1511 1951 637
607 641 625
213 546 743
972 865 35
1144 482 440
139 98 107
358 1439 358
1331 1872 529
895 111 948
129 1400 148
1129 833 223
1320 1428 52
794 611 741
1113 1221 876
921 1714 409
127 1187 700
1600 502 82
1085 190 359
362 1952 243
891 1339 165
399 1528 823
1694 927 79
1525 103 701
32 1858 740
1200 1824 880
1441 83 851
1368 1479 177
1171 242 263
199 1037 108
1129 696 452
1450 1108 908
689 509 227
1092 1492 299
1643 752 72
909 1554 648
1297 952 98
235 407 111
783 1148 136
921 1575 641
167 1295 511
1213 1325 658
1480 1205 496
403 836 981
1341 461 224
946 651 323
403 1172 493
1835 681 411
1075 345 451
646 1114 962
413 4 549
1600 1070 4
872 363 740
1712 323 315
71 576 559
1399 1962 550
135 1801 347
1191 1790 390
1018 699 884
1491 1238 300
1139 313 181
43 1417 133
1761 777 358
1914 1107 785
840 301 474
1205 1443 434
1220 101 755
1814 820 382
1285 550 289
900 188 931
148 1688 902
1401 568 108
389 1271 252
988 280 226
908 1923 66
776 666 531
1233 840 314
794 1836 783
506 289 468
834 271 546
704 632 212
1 426 42
75 1996 29
606 922 167
305 445 592
167 1793 565
999 1657 486
406 1259 955
391 1938 920
68 1763 768
1302 1964 498
266 1637 268
560 1638 219
497 539 770
1436 1566 557
1588 54 926
521 1832 604
1258 1828 759
126 1249 490
1778 1023 483
1515 505 716
316 80 133
968 1722 20
876 1299 169
1339 980 873
1987 803 551
406 793 199
1526 1376 830
930 1772 217
1655 1623 639
730 1997 49
1172 1678 42
1077 1391 277
1336 1707 839
181 201 893
1633 1834 900
1642 288 549
639 1601 828
673 1790 260
276 1235 944
1805 1278 440
601 1950 24
1286 1425 123
242 197 80
1535 1682 858
690 1015 24
1701 2 104
1469 1592 651
1506 912 97
1940 9 983
314 2 711
1005 837 144
733 285 326
495 1961 854
325 1918 804
450 677 493
20 109 239
806 1297 483
440 620 880
201 1687 193
1041 105 542
1899 812 628
1725 1700 344
1124 1174 437
1796 513 699
1144 64 35
1316 2000 894
246 488 277
60 859 862
591 288 1
1291 1219 552
1980 522 447
616 468 384
1133 640 153
1983 478 516
996 1864 135
1122 1910 990
1443 1052 839
1313 1241 660
437 233 517
272 963 275
1478 493 245
564 1364 949
1662 205 528
401 1574 757
1089 794 501
339 1889 455
1320 989 201
936 1721 460
1133 708 320
1409 230 52
1505 455 112
140 428 763
1882 419 382
560 1850 666
326 1889 753
1028 4 814
600 1519 664
1749 1283 100
966 29 61
1080 598 353
725 1134 995
1546 957 241
1405 14 569
1769 1221 900
93 467 283
489 280 313
1494 1755 784
393 1025 147
1745 1792 142
1528 1134 446
852 1445 238
1635 739 745
1414 1140 803
1452 1146 39
1228 338 808
1244 146 417
958 643 350
1155 1621 91
162 907 309
491 798 89
1271 893 42
300 531 566
1791 1556 397
1166 1935 56
181 1225 192
1996 1924 561
1537 189 556
71 633 893
1253 1116 445
77 1168 470
1185 978 672
1219 989 776
669 1005 956
1866 134 891
55 225 380
1983 1336 989
491 1393 332
1552 547 414
1710 513 736
1598 1967 519
1982 660 278
317 863 94
1733 5 208
1140 1124 469
208 1354 853
1297 126 978
828 872 100
139 433 89
1564 43 848
138 1441 291
1213 42 468
649 569 269
430 530 262
1782 1178 957
670 1405 59
998 434 598
782 935 772
879 801 390
1668 269 617
776 1887 55
66 1635 628
1574 228 276
1604 668 374
1690 913 837
621 1344 823
902 1631 471
1131 319 690
922 175 944
1655 1683 942
179 1544 852
140 1518 287
1674 269 740
1559 1617 839
520 523 124
259 756 682
818 631 873
27 861 515
1396 535 457
1055 1675 952
1017 2 414
157 737 286
1183 1383 950
936 1693 671
188 1631 846
46 1965 23
1717 238 591
253 1408 896
248 68 49
158 968 425
319 980 923
1163 1853 81
1054 1443 312
1909 1704 305
959 472 378
160 646 425
1615 475 224
1084 997 947
517 1575 152
312 1331 321
113 1172 349
1449 560 82
1172 1867 163
437 340 372
1800 480 910
1834 499 41
1255 1802 867
1989 1254 334
1555 149 403
1025 1312 805
1990 1630 648
1655 1111 25
1065 754 574
1828 167 235
792 639 520
1272 1491 799
1049 1464 467
1947 934 212
1569 581 931
928 75 652
1313 1769 622
367 1407 884
878 817 907
1395 174 493
810 134 116
1272 1680 362
500 1466 764
618 1526 362
170 1548 55
975 541 53
156 108 997
808 790 394
1815 1223 556
319 130 629
126 683 711
1840 480 387
976 1097 313
1530 1408 922
853 285 620
1708 905 827
156 1674 941
937 1451 119
189 1455 803
83 1040 193
1523 1631 823
1983 561 976
1307 1801 576
1506 1455 288
740 1804 189
1572 610 574
738 287 959
135 861 224
1248 1388 863
1436 296 92
604 1672 395
1178 546 748
146 1912 400
1457 1381 994
1784 826 589
1076 1122 548
275 1508 830
1841 1145 793
693 1659 840
1370 837 626
615 1564 158
878 301 366
105 1121 94
919 1459 177
352 1858 57
1691 1164 610
1522 588 282
1744 1110 749
696 1609 28
1537 184 283
1537 1080 590
1711 1038 322
1256 1598 51
175 185 108
1254 1900 578
186 1807 964
1938 1803 117
587 1387 925
18 411 141
1437 1444 417
2000 1816 602
1698 648 580
1646 1053 491
1298 828 958
1912 537 274
1006 1156 200
478 718 921
920 1732 632
1178 854 960
615 1075 518
1666 1288 396
1417 1323 216
1441 369 213
1482 1152 58
186 173 414
838 464 2
820 703 556
1981 535 103
1684 800 360
1188 645 936
1922 1136 425
1374 465 959
659 921 306
440 565 289
1545 1233 360
1457 1330 481
1334 1753 429
481 1545 915
377 1025 192
875 1739 968
803 1633 179
118 1516 276
1912 1108 608
356 1838 424
1988 1280 38
787 887 662
932 52 474
1835 1545 385
1 884 205
105 1754 917
1047 1109 195
1445 317 473
1149 1296 23
1425 16 373
1749 1026 129
1073 722 714
1813 1153 409
238 396 873
562 1807 76
328 188 651
191 660 249
136 1728 667
1663 631 49
514 322 42
1898 1463 856
1518 892 840
965 968 806
142 60 535
1006 1225 961
1907 1731 678
1925 154 781
1657 619 751
255 1627 514
582 1000 430
526 157 995
1191 1116 986
1620 78 929
910 296 210
1432 179 402
847 876 67
252 1506 169
616 286 592
103 43 499
1797 1891 809
1467 1744 96
647 850 841
1216 1946 594
132 912 658
169 1117 736
936 311 384
627 259 973
1356 1139 439
1272 454 17
995 1731 161
1255 1416 285
1413 67 270
1039 1288 283
55 1808 909
1339 290 751
1130 38 272
1187 773 153
1396 18 529
1139 1775 750
1500 44 198
622 395 922
1911 1349 145
1918 126 121
611 453 321
1768 1902 137
1511 837 82
158 1176 883
1104 727 861
1010 1565 104
1809 1468 499
997 666 284
37 720 507
1055 1269 39
37 445 511
1954 437 684
360 593 168
720 1913 360
1539 413 883
373 852 884
390 264 239
864 1183 436
775 509 968
1529 137 672
1188 488 669
1148 179 695
12 201 652
1484 1522 284
770 1666 767
892 790 934
202 1923 640
326 766 33
1419 953 428
362 539 924
244 436 625
713 405 640
512 964 997
1914 1928 36
964 1681 487
338 1547 850
1626 811 125
1298 1319 144
819 719 946
209 179 806
1601 1641 353
1722 34 23
827 1564 162
34 1637 704
1057 673 584
688 7 60
1718 233 385
1852 571 178
146 1153 529
1652 238 160
326 1323 360
514 653 922
1665 930 201
520 809 35
1947 1396 290
1381 1214 544
722 1493 83
933 1622 437
374 1466 93
1777 315 356
661 1151 111
668 1888 765
39 1369 479
1541 591 287
1716 788 185
810 1575 423
1627 1775 293
25 510 477
1372 463 728
239 319 316
185 1573 861
73 812 147
982 1809 75
167 1930 369
411 1000 305
1921 819 524
1624 979 305
1213 1861 459
954 1567 332
1596 382 23
32 1130 833
1546 989 621
872 1344 126
949 1289 653
579 472 401
522 641 296
284 1955 922
1245 1032 169
581 430 79
1874 921 936
515 373 268
966 726 567
407 1935 45
952 653 980
1648 1317 124
1204 83 666
1951 1356 790
896 1733 668
142 1776 584
1377 1228 755
1259 1164 986
137 127 247
821 982 198
238 1426 987
670 1667 906
17 1558 743
1772 1226 119
1487 1479 116
5 542 113
341 909 566
1521 169 455
926 1989 346
1579 1280 443
1170 1013 413
387 293 377
1537 814 345
466 78 101
507 1629 538
1051 1404 453
153 601 237
1872 1584 895
749 592 611
7 1028 222
212 1007 490
724 1407 84
1787 1956 18
1973 1312 155
179 983 126
1164 56 912
593 1970 772
283 730 662
1700 807 274
881 725 975
710 219 400
198 814 937
1213 654 951
862 334 86
7 1893 889
1487 1915 710
79 1885 261
413 893 66
902 1106 87
109 680 543
1939 914 544
1503 1625 132
592 884 870
1278 1151 96
869 1149 953
1946 1724 925
895 213 644
1083 969 663
1361 126 298
1800 1799 641
1101 286 658
518 1012 428
1779 1844 985
1758 628 703
473 1304 838
724 61 455
1960 1463 643
1583 1120 452
1505 1909 249
830 181 992
1473 930 143
384 1589 639
1511 288 34
1012 808 620
277 1951 272
1547 683 334
279 185 96
862 558 411
288 357 39
1911 979 650
1065 80 564
93 9 291
1374 1942 108
681 534 462
355 262 750
283 1551 220
936 159 275
419 1182 271
13 1782 981
1078 1015 564
383 1853 344
1123 845 725
1733 678 153
109 312 70
129 914 433
831 1503 216
75 115 763
431 626 706
710 271 210
1508 1515 697
949 509 259
1690 633 575
1477 610 256
467 810 473
1106 1618 392
1790 1073 910
74 207 681
1349 1230 600
857 710 704
538 1687 55
1955 693 810
435 792 767
767 673 589
1232 1349 535
1581 973 280
1672 1165 826
622 1884 961
260 74 953
226 627 628
1128 1168 434
1890 1614 672
1320 850 196
1779 1069 1000
616 1921 944
1072 951 444
1718 163 382
1657 1702 146
712 413 876
582 880 17
198 1561 800
1994 1203 629
313 1897 142
1661 596 233
1166 597 465
633 1958 191
1235 1618 67
233 1726 506
453 1802 494
975 540 201
1724 863 588
131 843 277
948 206 986
906 885 154
1345 925 242
405 1592 254
484 1176 219
1607 874 507
36 165 560
94 1739 641
834 1046 14
1193 207 479
1543 1435 509
892 58 442
1557 584 821
1898 1995 711
1737 647 129
731 1226 995
1106 229 748
604 300 714
401 1230 792
660 1822 466
1983 761 617
1868 59 152
1960 1410 619
99 984 79
1107 531 889
1189 1635 716
1110 674 295
119 1305 858
403 408 561
1738 1742 986
239 678 992
1434 1204 312
909 992 837
207 915 538
1439 19 901
1643 318 376
512 963 896
1893 652 979
1304 742 598
125 512 249
779 213 640
666 713 905
1435 543 832
1367 1795 539
818 1397 266
843 1148 508
1216 1082 637
832 1506 176
953 1321 80
1107 1281 381
305 1327 523
1565 826 929
1020 1165 781
1260 213 81
1016 1736 647
1861 1107 146
1719 1484 491
497 1837 965
801 1104 217
277 1707 522
1219 964 621
1197 1913 873
881 1345 248
1879 1908 513
279 476 267
387 1185 654
1276 1447 94
443 475 608
1004 1854 161
1960 986 627
1438 1908 485
1234 150 493
1199 1031 369
1540 1130 477
553 1042 629
1993 1502 455
1636 970 355
179 1964 751
557 318 610
833 1845 681
798 1957 613
362 1017 319
1285 897 596
1364 523 712
1254 1892 734
872 1073 10
1453 671 798
1656 1715 170
269 190 696
1554 1992 372
473 1597 708
1316 1579 171
617 1216 493
505 836 542
1121 1328 926
1982 1198 328
128 60 425
1915 206 114
812 1003 981
1007 277 720
1186 1055 500
1168 1224 337
975 1036 46
1165 352 646
1522 1929 443
1891 1527 460
1567 236 357
1104 1817 951
1908 284 999
882 874 582
1484 1379 983
1799 547 135
634 384 51
434 1020 301
1147 1942 38
1424 1672 65
1106 30 804
756 780 548
499 1875 646
1328 195 617
1765 1743 412
776 774 528
758 1728 466
360 990 936
1412 899 604
796 1716 429
351 47 339
1641 540 965
858 1774 282
3 33 932
1867 1176 143
1169 1925 196
1345 571 260
1400 374 369
1908 1377 134
429 1 773
1871 1956 123
839 1475 508
215 1513 948
1804 685 633
1202 648 972
1583 579 699
796 1586 449
1680 1885 953
675 527 198
1740 1998 643
1358 468 560
267 1144 625
679 1694 631
1391 77 932
1021 1546 818
1174 455 942
808 1039 512
1970 644 103
257 1397 841
988 368 553
926 1657 936
798 972 521
1643 1939 540
1127 80 661
1238 619 76
1037 1117 184
996 218 750
574 936 799
1700 669 23
321 515 992
1014 374 498
1482 1747 959
156 1463 137
459 1559 552
45 647 14
1747 1015 437
1825 501 721
1525 776 537
1508 1978 409
1516 1285 467
281 149 39
386 112 507
1082 1180 277
569 256 754
168 1855 839
1909 1558 537
412 1144 423
1011 633 88
1095 6 259
177 848 997
1794 1550 929
1858 1170 569
578 1178 958
865 1657 809
742 1999 525
113 506 178
1144 184 283
1541 907 89
529 1119 502
1201 1916 642
789 1296 543
131 662 108
1948 1448 939
914 395 185
592 1543 639
1567 1632 56
856 1727 489
1208 1115 154
1367 1475 303
253 1151 48
1496 941 712
1463 1100 161
368 1676 706
1063 1316 531
1538 40 685
342 7 218
833 251 206
618 1934 12
452 1653 954
562 1952 412
1834 1386 841
54 948 779
526 1865 765
1545 1689 336
1296 1648 671
1549 1956 27
1617 212 375
787 562 497
1619 1544 151
161 871 887
762 1378 205
1900 1109 355
1281 743 831
170 1923 974
934 829 159
1158 830 680
191 530 767
1854 1209 598
142 452 551
242 1232 191
2 1969 892
88 523 489
432 78 273
561 1646 996
264 972 925
1422 914 302
37 1821 87
965 54 213
1826 1494 784
988 891 86
384 365 629
951 999 596
1733 161 29
647 1643 490
991 1234 761
229 241 659
358 1693 501
1898 879 945
1619 555 558
586 930 176
358 1676 678
865 479 531
129 1734 121
1998 420 366
630 1141 243
62 1940 275
1824 11 758
1259 157 730
1018 1042 955
342 971 76
1041 761 738
1625 956 272
495 51 19
263 655 451
187 194 950
1739 298 116
2 197 567
1520 934 340
78 1611 428
1963 612 615
857 1988 723
334 218 513
872 1371 107
1611 461 187
985 958 540
800 286 796
77 733 48
187 359 868
817 1421 891
1054 1861 321
951 963 160
697 1499 781
248 480 269
1886 741 700
1840 1067 131
3 1907 309
1849 269 884
859 378 521
849 1542 809
1486 1612 298
1214 195 625
400 1224 938
1822 328 484
702 942 482
871 861 29
1783 1794 527
758 900 676
1486 301 946
891 1896 14
1328 1029 523
1794 1346 761
1022 538 455
1986 1588 233
1318 959 680
1985 1460 817
521 1717 975
722 218 874
762 1793 572
179 1919 274
166 1300 139
48 93 775
1870 1672 573
1784 1757 933
1318 1687 327
1952 452 41
617 569 850
1534 1674 58
742 1101 457
1576 929 490
1520 281 124
1727 640 767
954 280 801
1445 1541 465
1065 1170 510
153 480 621
634 1557 407
1322 1193 634
1618 258 244
263 981 859
806 701 226
1690 600 868
112 1675 225
1641 1212 92
537 1420 392
879 775 763
215 21 398
329 810 370
1218 445 280
47 1975 737
151 103 997
1026 817 242
1136 1477 798
1429 791 598
1330 1069 838
1318 1110 486
1871 1422 828
1327 977 474
1008 1158 355
523 631 380
1337 1380 512
485 1383 928
1522 673 409
102 1611 197
1783 1472 376
1722 290 102
1454 1526 556
313 1279 632
1045 45 597
1277 1644 123
130 1271 658
237 1802 807
1752 1139 486
303 770 919
1499 1062 57
1376 1941 249
1056 479 743
1510 1453 65
752 85 948
1254 1757 385
345 762 107
46 1432 193
868 799 963
584 1269 101
1750 1840 115
350 1393 711
1828 201 921
512 1097 823
1914 696 146
889 1513 63
1983 1702 661
507 1741 938
257 1501 32
628 1546 741
1852 1361 890
1959 956 607
49 456 846
1581 888 617
134 1117 361
428 648 526
1461 957 155
1443 371 382
1738 1733 831
1343 609 950
624 180 546
86 493 689
1129 500 527
775 1843 160
1669 1948 422
566 1168 724
826 1902 550
282 852 464
1090 1101 847
301 453 426
1916 847 234
1275 1297 908
1593 940 873
1004 1263 94
1838 162 737
1127 1721 54
471 1153 680
373 276 112
471 1829 775
679 1002 634
582 938 888
1066 957 610
1965 1872 217
1611 1313 739
857 693 797
1450 1300 825
477 309 49
325 433 159
1644 129 769
553 1327 980
657 408 735
172 821 1000
539 1636 408
454 232 738
912 932 838
1155 935 955
1606 1573 55
81 1468 82
788 1669 798
624 1572 428
1114 1324 419
119 248 2
500 966 769
1196 1780 319
707 386 71
952 968 487
873 1827 62
1462 1286 844
1409 268 272
1687 1761 654
943 1036 440
605 1407 364
1042 266 662
1231 1767 458
357 1315 709
1097 1637 602
230 1953 824
124 1116 18
268 829 281
570 239 643
867 1189 411
