20000 800
3040 32
5007 31
8907 75
4898 86
7363 61
6587 67
7722 100
3125 94
1271 62
1162 63
3037 17
6777 43
1072 81
6411 79
2216 52
3695 99
4713 9
3058 84
6802 30
4329 31
4198 99
9565 8
3835 71
6596 55
4122 32
7640 74
4511 45
6219 76
5680 26
7399 9
5104 4
7245 97
5848 51
5125 94
8225 78
9024 56
7335 3
2947 70
6584 83
8206 25
7401 74
3622 97
3152 60
5776 85
9314 88
4238 47
3938 28
9694 13
5232 4
9662 88
8333 57
3516 79
9275 24
4410 55
1551 100
8429 93
7849 42
9439 82
4710 35
6407 32
1483 14
7201 3
1730 13
2964 11
3492 32
4172 75
1847 96
2608 66
3418 88
4059 74
7423 90
2160 43
1371 43
9514 5
1323 55
8441 26
2561 65
3667 28
1396 73
9100 35
5414 75
1307 30
9586 15
5084 14
8279 13
3334 45
4407 14
2791 48
2612 65
9933 1
1335 98
9643 87
9914 7
7896 6
6287 50
8834 70
1595 87
7384 82
7742 68
1484 89
9642 49
4934 84
3720 27
7780 60
8574 41
4043 58
1594 89
9226 83
4429 9
2768 11
8857 34
2799 83
6679 7
1418 92
1446 25
2673 27
1295 43
2173 22
9624 27
6432 100
2354 28
6742 26
1704 5
8775 45
4691 9
3621 67
1526 15
8640 15
3358 28
1624 30
9662 72
6475 54
2926 76
6466 24
9609 86
8520 96
5029 54
1837 44
4896 53
3150 60
5893 7
1797 69
1443 57
1127 45
2970 95
6686 6
9675 86
5728 16
9431 46
4946 87
1891 93
5964 80
1109 54
5002 24
1510 96
9547 13
3859 94
2377 39
1035 40
8614 57
4897 25
4484 76
6345 46
1206 57
9996 48
1641 66
4134 41
5388 83
3329 62
7817 10
1683 54
3547 60
2689 92
9964 88
4272 26
7943 41
4957 73
6484 33
6322 70
3943 82
9010 25
4553 36
3272 66
8871 90
5702 95
3493 46
6439 12
4494 20
1669 21
9057 27
9926 35
7440 37
1545 54
2867 81
2946 79
9610 70
7006 20
9649 23
9116 38
3083 59
9029 21
3180 2
6401 8
3846 5
7893 25
2772 73
4149 65
6597 100
8713 62
7377 30
3169 82
5232 28
2589 29
4835 47
3196 95
4436 49
4140 45
9928 87
3105 58
7510 50
9334 3
9345 19
2218 23
9668 89
6074 57
6006 13
9964 48
2208 30
7729 51
7673 86
5162 7
5383 99
3789 60
9686 44
2738 74
6275 20
4848 44
8726 2
9529 89
8037 45
7512 7
1833 36
5080 82
1332 7
5795 23
9551 41
4368 40
4068 24
7083 50
4953 68
7306 68
9041 56
9678 23
7890 1
8508 96
9396 46
1204 28
9438 27
1309 72
2695 98
4391 73
3995 64
5606 86
1518 68
5896 10
5283 62
6860 94
6293 91
8270 41
4426 47
9732 49
2827 82
3603 59
6604 35
1335 26
7695 84
2966 61
8998 65
6129 67
4340 95
6538 95
9364 89
6077 10
2731 35
2501 94
2610 25
3419 91
1468 68
7866 71
3266 74
2004 33
2956 30
3388 28
7012 73
1602 17
4831 69
7186 74
2622 14
7780 90
8383 59
1874 55
7742 46
6807 50
3136 84
5507 98
7934 28
3417 46
2198 73
4595 45
1696 77
8140 9
7919 41
3928 26
2722 72
4763 12
8075 72
4233 1
4095 88
1494 54
4552 77
1989 100
7411 95
6529 66
3548 25
1425 8
2851 49
8491 60
1079 91
7831 67
6478 6
8333 91
4035 13
7495 22
8273 57
8303 23
1451 49
4332 12
3267 57
9696 29
3373 58
4502 47
5732 6
3534 65
5704 65
2140 62
7112 92
9404 54
6509 22
4956 63
1631 67
7707 53
6855 60
8642 34
1500 61
8231 58
4603 33
9095 31
5109 43
4552 20
3299 82
4505 53
2434 74
2101 9
8882 28
7177 32
4092 91
7314 50
1119 83
9350 84
7875 45
6672 75
3830 90
6885 30
2262 58
1867 31
4936 18
2454 16
1443 90
9146 45
4097 71
9575 98
8478 48
3753 46
4315 7
1156 29
3122 67
5714 90
4946 89
9650 51
6072 64
4888 79
9348 78
3249 47
3816 1
7746 59
2430 4
8874 88
2710 96
5261 78
2501 85
7344 62
5348 18
2734 28
8225 97
4698 95
3891 84
3073 61
1342 100
2587 27
2993 13
5775 48
1801 100
6178 78
7537 91
2429 51
4631 71
5867 62
4467 51
9959 97
9709 96
6385 50
3093 59
6317 87
6586 53
9789 16
4067 97
2337 22
9412 53
8835 95
1535 68
9171 8
1056 50
2790 18
7140 41
4777 10
3649 6
1137 3
4934 9
5167 59
8786 31
2230 23
9096 58
8905 24
9161 51
1282 46
4119 70
2013 47
6142 7
7108 45
8914 39
2235 91
3592 28
1354 33
3638 35
7400 51
3906 34
2686 34
7490 28
2361 93
1814 23
7388 49
5265 3
7025 85
8452 4
3057 89
9728 8
9731 7
9679 92
8929 17
9278 17
7868 46
3218 37
9001 33
6760 40
9520 47
3968 98
7433 100
3241 5
3089 20
4440 20
7779 53
2067 68
1735 66
5641 69
6988 94
8014 88
3882 31
2815 68
9431 83
1549 37
5981 58
9141 41
7069 14
5727 16
8209 17
7099 42
2407 36
6330 89
9907 42
4103 1
9816 6
5923 25
3073 37
4502 32
9573 95
8288 21
2219 69
4539 84
9265 48
1142 46
4673 56
5336 18
1546 87
3419 88
6311 82
9870 42
3753 35
6369 63
8753 55
3149 42
4340 40
6760 10
2064 7
8659 82
4875 11
8024 76
2207 45
6849 82
1570 25
3458 65
1687 15
9821 68
9421 39
7626 67
8994 55
5876 79
6447 98
1942 33
6607 13
4807 14
3060 84
6077 19
4027 57
9935 42
1356 69
6746 34
7036 20
1596 14
9121 43
1978 49
6350 20
7572 99
5642 75
8106 48
6242 84
7188 97
3980 27
4857 74
9618 72
5678 35
5915 87
9410 83
1544 4
6867 6
1073 14
8495 49
4449 87
9371 44
9273 64
7141 1
2767 61
3562 20
1723 49
7887 94
9498 97
4275 68
4014 79
1439 1
9336 38
8663 11
7160 28
9013 57
3407 100
7990 46
7280 30
9196 19
7651 73
1986 85
9568 47
2661 11
2705 7
6417 6
8775 99
1689 94
1866 35
7007 69
1829 67
8917 39
5350 93
6467 41
7532 15
7730 70
3106 45
7965 15
4724 78
6651 87
6562 74
5428 98
8396 62
9252 79
3360 31
8308 62
9602 92
2169 55
3222 20
2368 96
3102 25
3278 81
8070 42
6176 93
6187 30
8225 80
1904 41
2236 74
9542 64
7523 78
4823 37
1008 25
7337 7
5587 40
2698 20
2190 87
1256 52
8547 1
5551 19
7157 76
7625 32
7044 2
4194 33
8366 3
9290 37
4071 63
1581 20
7423 51
4997 68
2860 46
1627 63
4960 75
9362 72
5386 82
2300 18
1886 80
4030 40
2704 45
9397 52
7892 40
7755 93
5774 80
9881 95
8903 90
1107 89
7795 6
5791 82
8445 94
8528 51
1170 78
7907 15
3525 43
1512 51
4706 3
5821 54
3842 87
6578 88
6723 82
4607 21
9524 29
8449 19
2842 25
2308 29
5863 13
2855 98
2154 89
1992 72
4545 16
4403 43
8648 16
1465 12
7824 83
5730 66
9836 88
8133 85
5439 93
9769 92
9933 89
8188 42
6901 18
3875 45
5851 81
5817 87
8695 64
4098 53
3241 31
9907 28
5180 74
2594 58
8264 82
5455 23
5115 80
9342 77
9327 35
6504 8
4709 56
9801 18
1078 56
4386 87
9603 81
7781 93
7922 18
7901 34
4401 77
2865 7
1350 42
4552 64
2942 36
8247 78
7345 59
6011 7
7609 28
2315 97
7668 13
3939 84
8805 2
9571 74
9445 86
1636 34
1005 55
8355 86
3115 58
9618 22
8883 9
6366 24
3712 52
3676 34
1903 93
3980 89
9740 12
9025 61
5705 53
6125 14
3230 4
5693 86
5058 87
9688 100
9469 84
5487 6
3711 46
1169 95
2696 96
3569 89
3111 12
8323 92
7013 53
3888 18
6142 99
3295 69
7356 27
3507 39
3367 23
4647 62
9085 70
4524 24
3406 54
2553 4
1178 93
1542 64
7881 72
2479 55
9671 53
2044 67
8355 64
8023 7
1897 4
7746 92
9954 29
1660 78
9273 71
9182 94
5329 95
3057 92
5887 89
9360 55
7492 99
6799 73
5270 65
3270 51
4156 25
1635 7
6077 14
1766 51
8836 28
