2000 200
122 4
242 70
888 19
380 12
349 61
997 83
126 75
553 46
168 60
598 34
716 60
853 31
405 2
341 43
399 2
504 15
178 64
289 55
426 24
949 33
906 21
102 94
780 67
325 71
399 20
750 67
935 64
983 92
752 43
418 33
409 27
854 94
540 60
770 80
726 43
672 32
873 2
925 34
287 7
725 5
470 94
844 16
280 73
847 21
644 51
233 94
860 62
588 40
718 42
815 95
768 68
172 72
572 74
814 99
256 28
338 19
833 38
991 79
823 64
441 69
478 78
687 24
493 81
901 30
859 61
981 11
586 88
987 62
647 63
296 26
292 29
455 86
766 81
414 79
987 100
568 34
737 83
349 37
107 38
166 64
762 31
258 70
827 56
993 86
954 3
292 69
622 66
214 63
285 95
543 95
760 68
687 80
282 78
563 81
264 89
100 49
852 28
489 21
313 38
117 63
267 81
765 86
973 20
450 70
884 48
340 49
399 49
965 40
385 50
937 1
450 30
655 10
156 32
198 99
461 38
595 17
766 71
610 42
796 50
871 76
535 12
809 28
294 11
576 73
241 60
808 47
668 87
810 30
300 72
365 79
388 39
841 32
389 83
350 58
734 46
505 66
736 98
963 12
636 74
570 25
955 28
201 34
122 82
770 59
932 66
889 5
890 33
672 24
342 93
866 63
340 46
987 10
498 94
852 95
123 56
117 54
267 66
451 94
356 7
314 20
374 67
663 30
314 89
733 84
489 82
349 96
320 51
194 84
620 12
493 2
165 34
995 6
634 37
152 2
135 21
446 91
697 84
497 56
953 69
970 57
611 96
603 26
563 67
143 20
852 100
495 53
689 22
554 72
190 92
807 95
668 18
508 32
188 2
611 78
155 33
588 73
596 66
221 27
743 82
883 48
