5000 300
1283 26
1522 74
2358 97
2438 78
1518 16
1551 18
819 21
2124 28
1949 34
434 42
905 18
751 28
2227 25
2459 96
2482 31
1325 98
882 14
1480 33
2312 45
1987 26
1819 67
1082 53
1339 98
1471 80
2475 72
1471 3
1495 55
641 96
1903 68
781 64
1220 49
2176 41
2341 1
442 72
1875 54
345 41
1137 15
889 67
846 10
2382 38
1248 83
326 92
458 99
620 22
2061 90
857 17
1476 39
1931 27
2417 52
1414 13
426 72
1032 73
428 75
1035 87
1069 66
298 70
1312 86
1099 88
1455 29
570 11
2028 27
1626 8
1036 8
1548 22
1007 1
686 90
432 20
399 38
2207 74
1966 35
2009 52
1642 82
1852 97
1243 97
1950 96
506 82
1056 69
1358 90
1750 62
793 34
2404 63
2007 94
1390 93
2280 20
932 33
1575 21
2052 85
1034 80
2495 86
1872 83
719 98
2233 84
1547 20
937 18
688 5
1604 13
664 64
1812 44
1784 21
309 61
2014 98
403 54
1305 90
1075 72
1128 75
2082 9
1137 23
1430 74
491 95
385 13
913 21
898 34
1838 60
808 24
2302 59
651 57
1233 87
393 42
963 63
2058 10
299 11
1132 79
1885 99
1285 6
1978 97
1137 55
1873 43
2297 90
579 20
2133 85
2184 58
680 95
668 53
1052 91
1728 68
1045 60
826 40
1552 6
2041 35
2021 27
1669 26
413 15
436 11
1158 41
1850 76
2138 29
1146 85
651 54
2083 100
2060 45
858 62
1907 57
771 17
1572 87
2300 10
2157 69
910 23
1117 83
2316 40
1189 29
1143 55
411 8
589 69
1843 54
1051 33
1257 20
1726 84
2173 50
582 94
793 15
874 86
2047 82
856 39
2485 39
2343 29
1834 78
1495 41
1865 56
1614 2
2034 94
1805 56
1894 88
588 66
1844 3
302 47
1759 91
1675 15
605 41
1290 27
797 75
581 82
1453 78
2194 4
374 51
438 24
1249 7
2320 6
1867 76
488 32
2089 76
1863 66
2441 97
1101 96
321 15
1651 36
2315 51
2265 51
1380 44
998 17
2094 37
2456 10
1077 26
978 27
1158 100
527 58
329 24
460 99
479 23
968 3
986 31
2264 49
381 35
2499 83
550 69
2300 44
1742 50
2313 20
328 26
1595 40
1627 62
1597 14
824 28
2424 81
1668 6
1441 42
1709 43
941 60
2442 32
1940 50
1650 62
2146 20
2021 45
1730 76
2229 1
1818 71
948 27
2056 36
781 7
1294 77
2231 80
809 2
2203 62
675 32
1709 93
738 70
1859 43
1743 40
1350 22
1621 23
1245 67
485 45
1275 66
896 9
875 27
1258 67
1357 67
2113 28
2379 38
1631 73
1595 60
2323 88
1063 83
461 96
1392 22
2325 91
1274 54
499 93
2044 12
2088 7
2474 11
662 6
1357 29
1370 98
914 72
362 62
1224 16
493 64
1792 72
1829 84
1866 1
1617 26
1917 78
1785 89
1637 66
2179 84
2129 85
1178 83
2098 17
843 76
1517 83
