10000 500
4990 89
3433 93
1011 64
4902 64
1924 40
3995 40
1505 10
741 79
3466 71
2315 18
3960 60
1753 63
1721 57
4684 68
3045 58
4344 19
4053 31
4819 83
3947 4
3918 63
2164 49
2951 30
2427 76
1531 83
3389 93
862 77
3128 3
1998 94
4490 31
3200 73
1136 55
2101 26
4076 89
1763 17
2423 44
3927 97
3956 62
1180 24
2460 66
4657 75
4602 34
983 99
2234 31
3853 27
963 32
4915 64
4703 75
3392 11
2316 81
2200 85
3925 17
3553 66
517 4
3277 4
2197 52
1167 84
3626 27
945 23
2768 49
2020 80
4193 51
3023 43
646 13
2622 25
4239 50
3917 1
4024 74
527 82
1240 39
4761 26
1289 3
4345 38
4782 46
2445 42
1726 76
1380 51
3940 65
2332 61
2502 75
3907 27
3697 33
3140 42
1579 19
1750 74
2038 36
4052 86
3075 26
2078 57
3596 68
2748 63
4473 64
3266 55
2389 50
664 82
3390 76
2636 56
1396 40
4490 52
3639 28
898 55
4256 25
4411 26
2880 80
2063 98
3570 2
3716 96
2771 19
3237 91
1072 12
1566 96
4441 2
2085 84
4694 7
4629 35
3832 85
4751 82
3170 51
2031 70
2802 88
3570 75
1879 34
1497 8
4865 68
3216 96
4526 50
4388 92
1854 41
2216 89
1573 72
1719 49
1031 45
4497 93
2749 88
3460 74
2181 15
3380 32
2806 17
2200 68
1079 16
3422 38
2324 49
3251 30
4712 92
716 88
1561 29
2692 18
3133 75
4698 71
2613 91
1798 80
1008 76
4180 87
2327 10
3050 59
1551 73
1737 50
3753 65
947 44
1378 33
1065 91
3240 62
4714 70
3934 76
1299 32
4556 32
4029 28
1042 25
4263 60
4189 80
4822 39
3982 66
1228 11
1150 77
1374 90
3026 4
2565 20
3132 90
3543 1
2706 61
3781 70
4736 35
1548 86
3165 70
3193 11
3269 41
1684 83
4523 12
2279 39
4810 15
1551 38
3274 77
4976 76
1816 68
3960 11
4845 69
3758 3
3358 91
982 11
3031 42
2876 7
4953 54
4795 99
866 5
3539 47
3230 86
3536 3
2222 52
4383 23
2662 59
872 38
2465 14
2835 73
3405 8
3655 38
1947 41
1079 76
3523 100
2243 92
2801 31
2044 55
3278 5
891 76
3300 57
2915 10
4437 10
4304 84
3475 3
3770 33
1687 94
2661 16
4970 36
577 83
4987 23
4353 23
1084 61
3519 47
2713 81
3952 75
2903 1
4598 16
3576 11
1357 3
2977 29
3953 50
1389 19
4300 35
4135 77
1694 58
2413 55
4892 32
2153 97
3458 11
2731 70
4217 88
3191 23
3343 47
933 3
2419 93
4617 72
3291 34
925 47
2937 58
4923 99
2224 11
926 53
2271 43
703 77
2305 88
1844 71
2210 57
4509 11
4427 48
4506 53
1375 76
751 28
2509 36
3660 75
906 14
3607 44
2443 4
3503 82
2047 74
3632 42
1127 86
3610 67
3453 2
2337 27
3132 55
1509 41
1041 10
1721 36
4653 63
819 74
4209 17
2389 85
3882 56
1341 60
2369 65
2054 9
3410 12
2346 90
3853 23
3348 26
1298 65
2900 14
2392 65
3275 79
1898 63
3818 34
3354 93
1139 49
4785 12
683 6
1448 51
1928 12
1382 62
4476 37
4397 96
1458 17
2964 67
4574 77
4291 99
2655 49
1901 31
2312 31
4762 8
2032 85
3939 15
1727 86
850 45
625 43
1193 39
2840 82
2374 26
1812 62
1509 92
1173 71
3079 76
3912 76
4719 60
2558 48
4183 27
942 90
2773 58
4529 38
2089 85
838 45
3961 41
4951 74
1683 15
2497 51
3804 29
790 88
1731 9
1532 4
1621 45
4764 62
1159 39
2304 20
1735 66
2428 20
4401 99
1290 72
2533 57
1435 53
1069 4
1330 22
4003 79
666 15
3330 99
4931 4
2846 66
1203 20
2433 42
1403 57
4753 23
2175 63
3926 27
4086 70
967 3
4478 68
3260 61
1825 39
1359 84
4890 33
3545 8
4748 94
3275 63
3688 86
4968 14
2684 19
2634 3
3223 100
4088 26
4014 41
643 30
2693 23
2855 73
2134 61
4867 11
1551 11
4498 6
3016 84
4108 66
2381 7
3497 50
3767 96
3082 42
4990 37
2971 93
2554 78
2454 9
4656 76
4262 68
1862 67
1832 31
2919 52
703 82
3111 34
2586 76
4517 47
2112 53
4117 2
3600 50
3498 97
2769 82
2483 67
3395 62
1741 38
2512 58
1740 49
2056 88
858 85
2154 60
1182 93
4917 75
4401 73
4521 42
2302 47
699 40
4351 50
2466 61
4186 87
4594 2
872 32
1517 69
2002 19
4841 91
916 66
4186 74
3745 8
1060 76
1806 29
3724 71
2441 36
3014 44
3656 32
3390 99
3315 54
760 44
3289 92
2999 20
3142 39
2958 78
3700 82
3747 24
3070 29
4922 57
2013 100
2920 82
980 7
1535 62
508 41
3281 34
2485 43
1769 2
4921 56
696 22
3612 92
4961 86
4583 38
687 7
4455 28
2559 46
3639 79
3606 92
1691 95
2964 67
4036 6
2034 74
1592 21
3626 31
1006 23
657 70
4293 91
4825 30
3711 68
4940 15
3306 72
3428 27
