70
1 5 100
1 27 14
1 34 9
1 40 24
1 62 43
1 66 5
2 6 95
2 16 59
2 48 98
2 52 68
3 2 3
3 54 11
3 58 8
3 63 82
4 7 19
4 31 73
4 36 2
4 44 100
4 62 17
4 68 20
5 9 64
5 20 92
5 28 75
5 42 83
5 50 67
5 53 34
5 67 36
6 11 44
6 13 68
6 29 89
6 50 79
6 53 52
7 7 38
7 21 84
7 28 72
7 32 49
7 38 54
7 52 61
8 17 9
8 22 100
8 23 71
8 27 67
8 32 90
8 36 86
8 54 40
8 59 23
9 10 21
9 17 89
9 27 30
9 28 60
9 47 19
9 64 23
10 1 78
10 4 42
10 7 51
10 30 46
10 55 9
10 61 42
10 62 26
11 1 46
11 2 63
11 8 64
11 13 63
11 15 4
11 21 20
11 31 17
11 36 19
11 58 92
11 68 77
12 8 89
12 10 32
12 12 53
12 27 72
12 28 62
12 29 74
12 32 15
12 37 32
12 42 32
12 57 60
13 3 82
13 8 6
13 13 62
13 22 15
13 29 28
13 42 17
13 45 51
13 51 83
13 65 28
13 67 36
13 68 65
14 10 51
14 12 67
14 19 91
14 33 87
14 45 7
14 50 40
15 23 64
15 53 19
15 56 37
16 15 89
16 48 5
16 58 37
17 4 13
17 52 97
17 54 87
17 62 91
18 14 43
18 47 39
18 48 12
18 57 41
19 28 68
19 49 40
19 52 15
19 56 58
20 3 1
20 15 5
20 18 66
20 30 42
20 50 33
21 22 51
21 50 83
21 51 39
21 53 85
21 56 9
21 58 68
21 64 92
21 68 28
22 5 32
22 11 80
22 20 26
22 26 83
22 46 56
22 52 22
22 56 23
22 67 1
22 70 37
23 18 93
23 45 69
23 51 55
23 53 73
23 58 63
23 68 77
24 8 40
24 30 63
24 31 53
24 45 94
24 70 2
25 10 87
25 27 93
25 36 70
25 47 39
25 54 49
25 57 27
25 70 29
26 3 98
26 13 93
26 14 89
26 18 57
26 27 43
26 46 84
26 52 67
26 55 59
26 59 16
26 60 22
26 68 32
27 13 15
27 35 68
27 42 93
27 51 55
27 52 31
27 61 91
28 12 46
28 24 15
28 28 5
28 58 88
28 59 53
28 65 28
29 9 56
29 14 69
29 27 34
29 43 100
29 57 67
30 8 83
30 13 6
30 23 28
30 27 65
30 44 87
30 65 20
31 10 21
31 45 12
31 47 5
31 56 51
32 20 54
32 54 84
33 9 7
33 13 35
33 21 2
33 26 57
33 29 75
33 40 86
33 48 4
33 49 17
33 60 34
34 15 33
34 17 50
34 57 46
34 59 53
34 60 35
35 25 57
35 37 60
35 41 54
35 61 92
36 21 42
36 39 17
36 42 37
36 53 47
36 60 13
37 31 49
37 42 70
37 47 11
37 66 22
38 7 56
38 17 48
38 30 95
38 40 56
38 47 45
38 59 80
38 63 39
39 7 87
39 26 47
39 32 33
39 39 45
39 40 28
39 54 100
39 70 68
40 17 30
40 22 94
40 25 12
40 47 46
40 50 42
41 5 91
41 16 7
41 28 14
41 41 88
41 49 79
41 52 11
41 61 53
41 68 35
42 18 5
42 28 69
42 34 55
42 38 52
42 59 26
42 66 53
42 68 68
43 8 56
43 17 85
44 10 72
44 15 91
44 17 48
44 67 25
45 9 74
45 17 85
45 19 59
46 23 86
46 24 62
46 27 49
46 32 55
46 37 84
46 43 80
46 45 16
46 47 51
46 55 4
47 6 68
47 8 28
47 23 55
47 48 11
47 51 83
47 63 88
48 4 100
48 7 60
48 21 21
48 61 93
49 14 45
49 69 78
50 22 85
50 26 11
50 38 47
50 48 74
50 52 35
50 54 47
50 63 97
50 67 96
51 8 22
51 43 10
51 59 45
51 66 47
51 68 99
52 6 61
52 7 52
52 9 91
52 37 93
52 51 68
52 52 73
52 58 90
52 69 93
53 2 84
53 32 54
53 33 73
53 34 18
54 41 95
54 48 52
54 51 26
55 13 93
55 16 97
56 5 62
56 26 24
56 30 44
56 42 4
56 49 82
56 60 67
57 14 32
57 26 64
57 30 54
57 55 12
57 56 31
57 60 92
57 64 17
58 4 90
58 8 17
58 21 96
58 22 4
58 23 37
58 30 51
58 41 43
58 49 73
58 59 82
58 63 51
58 70 83
59 7 52
59 13 54
59 14 78
59 26 22
59 48 90
59 51 14
59 59 74
60 12 44
60 17 21
60 27 100
60 30 93
60 31 67
60 32 64
60 40 13
60 41 88
60 51 84
60 66 29
61 24 98
61 51 35
61 57 54
61 58 64
61 60 54
61 65 74
62 2 22
62 3 30
62 19 38
62 28 97
62 52 5
62 55 32
62 57 78
62 69 84
63 7 95
63 13 26
63 25 17
63 30 66
63 42 62
63 46 9
63 62 75
63 67 69
64 26 21
64 50 61
65 10 33
65 12 79
65 18 78
65 56 50
65 68 41
66 9 8
66 16 55
66 60 63
66 66 38
67 18 74
67 36 2
67 41 45
67 62 84
68 10 67
68 61 30
69 43 16
69 56 90
70 3 22
70 42 86
70 48 39
70 64 41
0 0 0
