80
1 19 28
1 41 94
1 76 41
2 4 58
2 5 32
2 6 21
3 13 35
3 36 96
3 44 88
3 49 84
3 55 70
3 63 15
3 66 48
3 68 17
4 42 53
4 56 48
5 7 41
5 15 65
5 63 36
5 73 50
5 78 74
6 17 15
6 42 30
7 2 78
7 4 42
7 63 2
7 73 42
8 3 15
8 5 82
8 23 74
8 76 17
9 54 46
9 68 18
9 71 13
9 77 59
10 11 9
10 21 27
10 35 13
10 39 44
10 80 48
11 2 29
11 32 91
11 39 89
11 75 45
12 38 82
12 63 44
12 65 100
13 41 14
13 55 64
13 64 24
13 67 62
13 71 44
14 46 41
14 73 67
15 3 46
15 11 70
15 33 29
15 35 38
15 53 1
15 63 18
16 13 74
16 42 61
16 43 35
17 23 31
17 36 42
17 42 49
17 43 74
17 51 32
17 53 23
18 14 51
18 29 24
18 30 92
18 57 20
18 62 91
18 63 51
18 68 22
19 22 6
19 60 63
20 7 10
20 23 73
20 46 66
20 60 25
20 78 38
21 1 27
21 24 46
21 36 33
21 73 3
22 9 83
23 12 36
23 24 34
23 26 6
23 33 56
23 38 7
23 39 29
23 41 79
23 45 42
24 1 35
24 16 57
24 19 19
24 38 62
24 46 24
24 61 82
24 66 26
24 72 1
25 31 70
25 36 100
25 41 44
25 42 19
25 62 28
26 10 33
26 49 79
26 58 95
26 79 55
27 16 49
28 12 91
28 16 28
28 30 4
29 19 20
29 22 4
29 23 97
29 32 76
30 8 19
30 39 53
30 68 58
30 80 75
31 14 66
31 42 95
31 43 19
31 58 11
31 68 25
32 14 72
32 50 93
32 66 1
32 76 14
32 79 12
33 9 26
33 26 3
33 46 51
34 37 3
34 49 1
34 56 20
34 60 52
34 69 46
35 28 18
35 32 29
35 33 56
35 39 11
35 44 39
35 79 83
36 11 66
36 23 68
36 33 70
36 41 19
36 53 53
36 62 80
36 80 49
37 6 15
38 23 19
38 24 12
38 29 90
38 40 9
38 51 18
38 59 38
39 11 27
39 15 50
39 25 36
39 30 48
40 52 29
40 58 79
40 62 57
40 79 62
41 2 98
41 17 3
41 20 46
41 26 57
41 54 35
41 77 44
42 1 39
42 9 15
42 14 12
42 18 62
42 26 39
42 32 6
42 74 60
43 21 88
43 25 82
43 46 21
44 4 5
44 48 52
44 57 20
45 11 91
45 19 82
45 32 70
45 42 84
45 50 22
45 55 43
45 73 22
46 78 12
47 6 12
47 7 94
47 21 75
47 26 49
47 29 20
47 30 62
47 41 26
47 52 96
47 66 47
47 79 47
48 16 29
48 38 33
48 64 97
48 65 37
48 66 36
49 6 11
49 23 50
49 44 64
50 8 61
50 64 77
51 4 80
51 15 15
51 20 65
51 47 43
51 54 43
51 61 70
52 8 50
52 29 36
52 41 26
52 58 18
52 69 50
53 10 19
53 23 1
53 39 95
54 2 17
54 12 97
54 33 50
54 58 43
54 61 44
55 2 95
55 52 47
55 64 91
55 65 95
56 10 75
56 18 31
56 19 17
56 26 73
56 44 11
57 27 99
57 40 19
58 27 37
58 53 80
58 78 71
59 30 3
59 35 7
59 40 78
59 59 4
59 66 64
60 30 6
60 62 86
60 70 6
60 71 50
61 12 15
61 18 52
61 28 14
61 54 6
61 64 16
61 79 56
62 8 13
62 38 4
62 58 51
62 65 2
63 18 8
63 39 1
63 44 10
63 45 63
63 52 77
64 10 3
64 31 48
64 42 97
64 65 56
65 24 33
65 44 1
65 49 42
66 4 4
66 15 67
66 32 99
66 49 74
66 74 67
67 4 69
67 7 41
67 8 70
67 16 24
67 46 60
67 57 15
68 8 49
68 13 48
68 36 28
68 40 79
68 55 15
68 58 93
68 73 98
69 8 77
69 35 52
69 80 58
70 57 76
70 60 24
71 9 1
71 31 72
71 43 33
71 71 77
72 3 49
72 30 57
72 42 79
73 5 65
73 19 9
73 41 73
73 52 26
73 54 34
73 69 67
74 5 33
74 12 83
74 25 85
75 6 17
75 41 92
75 61 33
75 70 64
76 14 5
76 45 58
76 54 5
76 64 1
77 11 67
77 22 41
77 25 9
77 28 8
77 64 100
77 73 27
78 1 82
78 54 92
78 61 31
78 66 18
78 70 32
78 79 98
79 2 92
79 79 17
80 23 50
80 44 36
80 46 57
80 55 64
80 73 99
0 0 0
