90
1 17 82
1 31 58
1 56 68
1 84 94
2 4 28
2 71 62
4 12 46
4 29 11
4 37 61
5 49 54
6 34 99
6 79 62
7 9 84
8 24 92
8 52 99
9 8 14
9 68 35
9 78 74
9 87 89
10 2 26
10 13 7
10 32 32
11 62 28
11 65 84
12 34 84
12 35 32
12 85 3
13 45 28
13 46 11
13 51 56
13 66 7
14 28 15
14 66 76
16 36 100
17 59 7
18 21 47
18 38 83
19 70 25
22 34 7
22 68 91
23 47 64
23 53 3
23 87 49
25 13 73
25 15 81
26 86 12
27 84 67
28 10 24
28 36 91
30 5 3
30 41 95
30 55 72
30 82 15
30 85 37
31 34 71
31 53 75
31 56 17
32 2 47
32 16 88
33 30 3
34 17 27
34 32 2
35 21 25
35 34 44
35 36 18
36 7 20
37 27 37
37 76 67
38 5 16
39 20 2
39 49 97
39 57 47
40 83 65
42 16 45
43 52 92
44 3 86
45 52 32
46 45 66
47 13 81
48 85 65
49 25 29
49 31 56
49 84 52
50 57 86
50 65 86
51 4 26
51 69 22
51 89 52
53 60 56
53 73 81
53 89 50
54 1 70
54 49 32
54 54 50
54 78 83
55 27 45
55 42 44
56 4 41
56 48 28
56 52 32
56 68 11
57 5 12
57 85 24
58 24 39
58 35 84
58 44 10
58 49 79
59 18 41
59 35 60
59 53 24
59 69 86
62 51 42
62 69 62
63 21 8
63 87 42
64 2 74
64 29 19
65 22 67
66 23 83
67 15 76
67 42 53
67 85 55
68 15 75
68 19 10
68 28 47
68 68 12
68 80 61
70 43 50
70 76 85
70 81 3
72 11 54
73 56 80
74 8 93
74 29 19
75 6 26
75 63 10
75 76 87
77 18 74
77 34 44
78 42 2
79 7 24
79 8 4
80 14 18
80 76 30
80 84 13
81 3 43
81 29 72
81 55 86
83 72 68
84 20 39
84 32 13
84 52 48
85 20 97
86 10 32
86 44 96
87 19 66
87 51 71
87 77 78
88 50 95
89 35 72
89 53 97
89 75 61
89 88 97
0 0 0
