100
1 11 38
1 46 74
2 17 38
2 42 35
2 56 5
2 60 44
2 91 4
3 27 36
4 70 37
4 81 33
5 5 2
6 45 63
7 19 6
8 20 39
8 82 70
8 88 52
9 19 68
9 26 75
9 34 53
10 1 52
10 29 67
11 12 39
11 39 50
11 63 36
12 72 14
13 8 81
13 24 90
13 48 48
14 5 64
14 66 4
16 5 40
16 32 6
16 89 91
17 20 96
17 25 72
17 32 100
17 49 72
18 1 36
18 70 43
18 95 20
18 97 73
19 30 89
19 66 8
20 7 15
20 41 61
20 45 15
20 47 58
21 10 9
22 8 1
22 39 19
22 59 73
23 36 96
24 12 60
24 88 46
25 30 14
25 39 97
25 52 90
25 84 96
26 37 38
26 86 77
26 98 71
27 77 36
28 29 53
28 61 47
28 84 99
29 37 84
29 41 38
29 45 22
29 98 78
30 38 31
31 51 75
31 67 82
31 71 34
32 42 74
32 58 36
33 2 97
33 37 25
33 80 54
34 3 82
34 33 86
34 54 10
35 5 5
35 65 17
36 23 61
36 38 31
37 9 20
37 45 60
37 57 86
37 58 24
37 65 12
38 21 70
38 22 87
38 23 47
38 55 8
38 67 53
38 100 86
39 20 3
39 60 89
39 71 62
39 95 57
40 17 90
40 83 32
41 5 27
41 18 50
41 28 48
41 30 85
41 64 89
42 34 59
42 75 80
42 87 18
42 94 56
42 98 22
43 78 59
44 27 13
44 36 84
46 61 50
46 100 78
47 24 65
47 26 4
47 29 20
47 48 7
47 49 90
47 68 70
47 96 80
48 34 52
48 57 15
48 99 59
49 15 3
50 45 86
51 4 77
51 49 44
51 75 11
51 95 27
52 65 19
53 36 87
53 43 10
54 31 5
54 69 4
54 83 88
54 94 97
55 31 63
55 35 53
55 81 49
55 88 31
56 16 50
56 26 93
57 5 89
57 26 14
57 86 60
58 33 18
58 57 42
58 59 71
60 67 39
61 10 92
61 39 22
61 69 52
61 85 37
61 95 12
61 99 86
63 25 91
63 52 79
63 91 51
64 3 95
64 23 50
64 91 66
64 94 62
66 17 57
66 30 100
66 86 71
67 14 18
67 45 14
67 71 8
67 89 53
69 74 56
70 13 36
70 29 58
72 17 32
72 18 94
72 23 88
72 47 56
73 1 79
73 24 31
74 26 93
74 54 14
74 64 25
75 26 79
75 48 74
75 54 64
75 72 75
76 78 2
78 1 40
78 15 5
78 49 83
78 73 9
78 96 61
79 12 96
79 98 61
81 10 65
81 22 19
81 95 31
83 17 88
84 17 29
84 78 67
85 32 38
85 63 28
86 1 96
86 13 60
86 64 90
87 96 63
88 14 84
88 68 57
89 50 25
89 67 11
90 11 15
91 2 92
92 32 24
93 31 96
93 42 83
93 100 18
94 59 40
95 24 61
95 49 84
95 72 78
96 31 96
96 36 53
96 38 72
97 10 34
98 30 44
99 85 63
100 12 96
100 31 74
100 66 58
100 91 43
0 0 0
