15
1 3 60
1 5 35
1 8 30
1 10 53
1 12 4
2 1 21
2 3 42
2 5 38
2 10 48
2 11 25
2 14 49
3 1 79
3 2 27
3 5 34
3 8 87
3 12 28
3 14 97
3 15 5
4 4 84
4 10 14
4 12 58
4 13 48
5 2 27
5 4 45
5 5 37
5 10 9
5 15 50
6 7 7
6 13 39
7 4 63
7 6 86
7 10 63
7 13 92
8 1 21
8 2 24
8 6 80
8 9 61
8 13 32
9 1 94
9 2 57
9 3 2
9 8 12
9 9 96
9 15 60
10 3 15
10 5 96
10 6 47
10 7 16
10 8 27
10 10 99
11 1 36
11 6 96
11 7 64
11 8 52
11 13 66
11 14 40
12 1 59
12 4 3
12 6 77
12 7 88
12 8 40
12 12 55
12 14 87
13 3 77
13 4 96
13 6 39
13 8 19
13 11 66
14 5 70
14 6 15
14 15 11
15 1 89
15 7 87
15 11 97
15 14 53
15 15 95
0 0 0
