20
1 2 35
1 3 98
1 7 93
1 8 20
1 18 31
2 2 64
2 3 62
2 7 84
2 11 61
2 12 5
2 17 65
3 4 63
3 5 74
3 7 24
4 2 96
4 3 9
4 6 37
4 8 93
4 9 92
4 11 17
4 12 85
4 13 81
4 14 20
4 15 74
4 18 7
5 2 56
5 5 28
5 6 30
5 9 15
5 12 7
5 14 38
5 17 80
5 18 11
6 1 39
6 2 70
6 10 1
6 16 82
6 19 61
7 4 89
7 5 73
7 15 34
8 2 99
8 6 4
8 9 5
8 14 89
9 1 60
9 2 6
9 6 5
9 12 43
9 13 38
9 15 36
9 19 78
10 1 64
10 6 100
10 9 94
10 13 99
10 14 80
10 19 26
11 9 19
11 13 3
11 20 9
12 1 98
12 5 71
12 7 22
12 8 31
12 11 91
12 15 95
13 7 53
13 8 54
13 11 39
13 15 17
13 16 18
13 18 16
13 19 18
14 2 12
14 3 21
14 4 63
14 6 45
14 7 28
14 11 59
14 13 16
14 14 16
14 16 26
14 19 22
15 5 25
15 10 20
15 11 89
15 12 18
15 17 73
15 20 53
16 4 48
16 8 30
16 10 86
16 11 55
16 12 21
16 16 97
16 18 5
17 2 77
17 3 89
17 13 17
17 14 6
17 17 13
18 3 19
18 5 56
18 7 65
18 8 7
18 12 34
18 15 51
19 2 34
19 4 51
19 14 3
19 15 75
19 16 85
19 18 85
20 1 71
20 4 81
20 5 80
20 9 69
20 10 50
20 13 22
20 15 14
20 18 58
20 19 87
0 0 0
