25
1 4 52
1 5 33
1 8 56
1 10 66
1 16 37
1 17 82
1 22 34
1 25 73
2 2 51
2 3 81
2 6 27
2 8 49
2 11 30
2 12 98
2 13 10
2 14 75
2 17 75
2 18 2
2 20 87
2 21 59
2 22 11
2 23 88
2 24 50
3 7 65
3 9 74
3 11 44
3 12 89
3 18 92
3 25 98
4 2 40
4 7 45
4 11 49
4 12 14
4 15 40
4 16 22
4 20 39
4 21 47
5 1 97
5 3 9
5 4 63
5 8 67
5 16 59
5 17 9
5 23 2
5 24 3
6 2 19
6 3 89
6 4 53
6 5 6
6 9 56
6 10 56
6 12 59
6 13 20
6 14 45
6 16 30
6 17 85
6 20 29
6 21 27
6 22 91
6 24 1
7 3 80
7 7 82
7 8 74
7 15 52
7 18 7
7 19 67
7 23 12
7 25 66
8 1 36
8 2 96
8 6 50
8 12 28
8 15 82
8 16 53
8 20 73
8 23 70
8 24 77
9 4 80
9 7 14
9 12 5
9 13 15
9 15 94
9 16 19
9 18 88
9 21 71
9 22 51
10 1 77
10 2 83
10 7 25
10 13 9
10 14 57
10 18 68
11 1 64
11 3 100
11 5 78
11 7 23
11 11 80
11 14 98
11 21 83
11 23 46
12 2 72
12 4 8
12 6 18
12 7 78
12 10 9
12 11 54
12 15 32
12 17 36
12 19 70
12 21 41
12 22 8
12 24 53
13 1 89
13 2 86
13 12 67
13 15 92
13 18 16
13 19 19
13 20 29
13 23 98
14 1 73
14 2 60
14 4 70
14 10 10
14 12 41
14 16 24
14 18 25
14 19 71
14 22 59
15 1 31
15 2 41
15 4 25
15 9 70
15 10 39
15 11 4
15 16 15
15 20 99
15 22 36
15 23 53
16 4 74
16 6 6
16 8 10
16 11 44
16 13 70
16 14 30
16 15 6
16 16 96
16 17 60
16 19 100
16 21 85
16 22 96
17 2 27
17 7 76
17 11 73
17 12 40
17 13 93
17 14 8
17 15 46
17 17 64
17 18 95
17 20 17
17 23 84
17 24 91
18 2 40
18 4 99
18 5 51
18 6 22
18 7 46
18 10 93
18 13 39
18 16 3
18 17 24
18 18 70
18 24 13
19 1 38
19 2 9
19 3 36
19 8 34
19 9 84
19 10 74
19 13 72
19 19 75
19 22 73
20 2 52
20 4 21
20 5 59
20 9 29
20 12 79
20 14 58
20 17 1
20 18 63
20 19 21
20 20 77
20 22 64
20 24 18
21 3 10
21 7 26
21 11 75
21 13 69
21 17 21
21 19 9
21 22 55
21 23 83
21 24 64
22 1 11
22 4 41
22 5 71
22 6 7
22 7 100
22 11 90
22 14 61
22 15 49
22 16 88
22 19 1
22 20 57
22 21 90
22 25 11
23 1 39
23 2 21
23 3 67
23 4 12
23 11 76
23 12 21
23 14 27
23 15 18
23 16 67
23 20 100
23 21 49
24 2 79
24 5 18
24 11 78
24 13 93
24 19 94
24 22 19
24 23 69
24 24 95
25 3 56
25 4 46
25 6 100
25 8 70
25 9 61
25 12 41
25 13 14
25 14 39
25 15 78
25 17 84
25 19 92
25 20 27
25 21 19
25 22 2
25 23 21
0 0 0
