40
1 5 19
1 6 67
1 12 12
1 13 5
1 15 16
1 16 34
1 23 29
1 25 8
1 28 2
1 29 97
2 7 44
2 14 85
2 16 3
2 20 55
2 21 59
2 24 42
2 31 90
2 34 27
2 38 93
3 5 66
3 7 58
3 13 39
3 15 67
3 16 82
3 20 41
3 23 29
3 31 8
3 34 33
4 5 97
4 6 55
4 9 59
4 14 22
4 18 4
4 39 20
5 12 69
5 21 27
5 23 5
5 35 11
6 14 13
6 18 83
6 19 99
6 35 72
6 36 67
6 39 5
7 30 2
7 32 76
7 39 70
8 1 15
8 5 16
8 9 3
8 11 30
8 29 73
8 30 57
8 32 61
8 39 20
9 2 89
9 13 27
9 26 9
9 27 52
10 8 36
10 9 100
10 17 43
10 25 67
10 26 77
10 31 48
10 32 34
10 36 53
11 13 49
11 21 4
11 22 55
11 35 12
11 36 26
12 2 48
12 7 70
12 11 22
12 12 94
12 14 21
12 15 34
12 16 45
12 21 59
12 30 62
12 33 86
12 36 18
13 1 94
13 5 12
13 9 58
13 22 100
13 23 11
13 26 93
13 29 64
13 31 45
13 34 79
14 13 36
14 18 4
14 21 89
14 27 18
14 28 13
14 31 3
15 3 59
15 7 46
15 9 59
15 11 58
15 24 41
15 39 18
16 11 62
16 15 26
16 18 15
16 21 61
16 22 5
16 25 37
16 28 3
16 32 56
16 34 32
17 2 9
17 5 77
17 7 91
17 10 95
17 15 23
17 18 34
17 20 92
17 26 80
17 37 58
18 8 29
18 16 73
18 18 98
18 23 34
18 24 79
18 30 95
18 39 8
19 10 28
19 13 77
19 16 73
19 20 51
19 25 41
19 26 11
19 30 22
19 38 91
20 3 45
20 9 85
20 10 27
20 12 56
20 20 32
20 21 45
20 27 2
20 36 52
21 7 39
21 12 22
21 16 100
21 17 60
21 20 83
21 31 73
22 5 16
22 6 94
22 32 3
22 35 80
23 2 74
23 5 54
23 8 46
23 19 41
23 27 41
24 6 91
24 13 17
24 15 86
24 18 58
24 21 80
24 28 4
24 39 35
25 5 26
25 6 34
25 10 42
25 16 18
25 18 41
25 19 87
25 22 72
25 24 8
25 29 3
25 30 93
25 37 83
25 38 59
26 1 60
26 16 63
26 21 76
26 22 26
26 28 60
26 30 8
26 34 35
26 36 59
26 37 6
26 38 84
27 6 86
27 7 70
27 18 56
27 34 43
28 5 22
28 8 75
28 10 28
28 15 91
28 32 43
28 36 18
28 39 68
29 3 16
29 11 81
29 22 22
29 25 67
29 36 94
29 37 21
30 6 26
30 7 61
30 14 75
30 15 36
30 16 79
30 19 100
30 25 63
30 32 18
31 6 67
31 8 16
31 9 18
31 12 66
31 36 28
32 17 69
32 20 94
32 23 68
32 25 17
32 27 66
32 30 94
32 36 94
33 1 62
33 3 96
33 9 26
33 20 37
33 23 39
33 24 43
33 28 56
33 31 67
33 32 99
33 40 78
34 2 11
34 5 92
34 15 2
34 23 9
34 25 81
34 26 59
34 28 71
34 34 94
34 35 57
35 3 75
35 13 81
35 24 9
35 27 97
35 29 15
36 9 2
36 10 49
36 17 29
36 20 75
36 21 67
36 36 8
36 39 82
37 6 13
37 16 86
37 20 67
37 27 46
37 31 9
37 37 88
38 4 4
38 6 20
38 10 62
38 19 74
38 36 29
38 40 14
39 5 57
39 14 32
39 22 62
39 26 54
39 39 100
40 3 24
40 9 51
40 10 32
40 11 51
40 16 73
40 21 27
40 25 21
40 39 67
0 0 0
