50
1 5 54
1 13 66
1 14 17
1 19 54
1 21 34
1 34 87
1 37 71
1 44 64
1 45 39
2 7 14
2 31 44
2 37 57
2 48 59
3 4 50
3 7 7
3 10 65
3 13 84
3 15 14
3 18 41
3 24 71
3 31 88
3 46 41
3 49 83
4 4 75
4 15 51
4 34 20
4 39 93
4 40 35
4 47 8
5 17 95
5 32 7
5 33 75
5 39 72
5 40 60
5 42 1
5 44 23
5 45 16
5 47 20
5 48 37
6 16 11
6 20 81
6 26 47
6 27 98
6 30 99
6 31 78
6 37 92
6 38 66
6 39 71
6 42 2
6 47 50
7 8 13
7 11 11
7 22 80
7 26 73
7 27 94
7 41 82
7 47 96
8 9 36
8 11 49
8 17 85
8 29 20
8 33 10
8 34 88
8 35 46
8 43 9
9 6 81
9 12 80
9 13 18
9 19 30
9 21 40
9 23 77
9 25 92
9 40 59
10 4 20
10 7 78
10 8 31
10 15 94
10 17 93
10 18 19
10 26 87
10 29 97
10 41 31
11 5 30
11 7 25
11 8 57
11 15 48
11 22 18
11 23 65
11 26 26
11 33 50
11 34 96
11 37 63
11 38 1
11 40 27
11 44 75
11 45 66
11 47 8
11 48 50
11 50 33
12 1 56
12 2 63
12 13 68
12 33 92
12 47 4
13 5 79
13 8 26
13 16 19
13 20 44
13 21 70
13 25 33
13 34 30
13 36 35
13 40 56
13 42 18
13 46 17
13 47 32
13 48 74
14 3 92
14 13 9
14 16 8
14 19 24
14 22 83
14 23 74
14 34 73
14 38 76
14 39 62
14 43 54
14 44 94
14 47 11
15 2 82
15 7 29
15 9 94
15 23 12
15 32 4
15 38 75
16 4 43
16 9 20
16 12 10
16 20 2
16 22 25
16 27 83
16 31 17
16 33 26
17 9 96
17 14 61
17 22 73
17 27 6
17 32 40
17 34 27
17 35 37
18 3 13
18 10 53
18 12 36
18 23 98
18 26 100
18 28 42
18 31 96
18 32 52
18 36 1
18 41 64
18 42 16
18 44 38
19 7 55
19 8 43
19 11 54
19 12 40
19 14 90
19 16 33
19 18 19
19 20 88
19 22 23
19 27 44
19 30 55
19 31 20
19 36 3
19 39 35
20 1 64
20 4 39
20 11 35
20 13 20
20 15 18
20 16 72
20 24 9
20 29 24
20 33 50
20 36 8
20 38 1
20 45 79
21 4 84
21 13 75
21 15 10
21 25 32
21 33 22
21 43 22
21 47 81
21 48 93
21 49 62
22 8 85
22 40 61
23 4 46
23 5 6
23 22 13
23 28 80
23 35 2
23 39 33
23 40 37
23 46 35
23 49 57
24 8 49
24 20 58
24 23 39
24 37 5
24 38 69
24 39 42
24 44 3
25 2 59
25 4 8
25 6 37
25 9 89
25 18 71
25 19 37
25 28 86
25 33 11
25 48 26
26 13 10
26 14 31
26 22 99
26 41 83
26 46 100
26 47 96
27 5 20
27 6 32
27 10 12
27 18 84
27 23 8
27 36 15
27 38 75
27 39 90
27 43 50
27 46 14
27 49 41
27 50 95
28 4 34
28 9 86
28 17 95
28 20 79
28 22 41
28 25 51
28 38 66
28 43 98
28 44 91
28 48 89
29 9 94
29 10 98
29 19 9
29 21 78
29 22 38
29 26 91
29 28 98
29 41 95
29 47 45
30 12 27
30 15 75
30 22 81
30 23 45
30 33 38
30 42 50
31 5 60
31 7 41
31 14 8
31 16 97
31 17 5
31 19 70
31 20 23
31 25 62
31 29 98
31 32 80
31 33 97
31 36 60
31 47 9
32 13 29
32 16 94
32 21 89
32 30 27
32 33 15
32 37 78
32 41 25
32 47 21
33 4 33
33 9 29
33 11 65
33 14 90
33 15 11
33 16 50
33 19 65
33 20 76
33 25 14
33 36 63
33 47 11
33 48 93
34 4 53
34 8 98
34 10 77
34 13 92
34 16 6
34 17 74
34 21 10
34 30 34
34 33 98
34 44 35
34 50 7
35 2 5
35 6 67
35 12 8
35 23 17
35 24 79
35 26 25
35 27 44
35 28 32
35 34 95
35 36 75
35 39 2
35 42 18
35 48 44
35 50 78
36 1 8
36 6 8
36 7 2
36 8 45
36 15 50
36 18 76
36 19 25
36 31 36
36 32 84
36 33 12
36 37 77
36 41 19
36 42 1
36 44 41
37 16 45
37 24 87
37 27 44
37 30 89
37 34 90
37 38 53
37 43 97
37 45 11
38 4 28
38 13 71
38 22 44
38 31 54
38 32 29
38 38 65
38 41 27
38 42 27
38 45 16
38 48 5
39 4 9
39 6 90
39 11 3
39 22 95
39 32 85
39 37 53
39 39 1
39 45 39
39 46 77
40 2 30
40 3 22
40 23 31
40 24 11
40 28 70
40 30 34
40 31 43
40 34 21
40 45 35
40 49 47
41 9 14
41 10 55
41 17 97
41 18 80
41 20 46
41 22 51
41 23 76
41 25 29
41 28 66
41 30 14
41 34 2
41 42 20
41 49 19
41 50 9
42 3 6
42 6 48
42 7 7
42 13 100
42 14 83
42 15 20
42 18 93
42 20 67
42 30 52
42 33 81
42 36 35
42 37 60
42 38 45
42 41 71
42 42 81
42 44 1
42 47 49
43 7 9
43 8 28
43 19 5
43 21 85
43 30 54
43 34 11
43 36 27
43 37 86
43 41 100
44 13 98
44 16 95
44 26 54
44 27 85
44 29 7
44 36 30
44 39 71
44 50 5
45 4 7
45 10 45
45 16 5
45 23 93
45 26 87
45 27 1
45 29 28
45 30 63
45 47 43
46 1 20
46 5 54
46 10 37
46 31 23
46 35 38
46 36 52
46 37 82
46 48 27
47 1 62
47 17 79
47 25 15
47 32 90
47 33 16
47 37 88
47 44 80
47 45 31
48 1 9
48 2 94
48 3 73
48 8 72
48 12 21
48 40 66
48 45 80
48 50 12
49 3 96
49 21 19
49 22 73
49 28 44
49 34 28
49 35 82
49 40 45
49 47 7
50 3 4
50 5 53
50 14 40
50 16 64
50 23 80
50 30 94
50 32 77
50 35 53
50 39 51
0 0 0
