60
1 18 95
1 22 39
1 29 51
1 31 60
1 35 37
1 48 9
1 52 74
2 9 90
2 45 34
2 46 94
2 51 39
2 58 48
3 2 42
3 23 40
3 29 29
3 35 75
3 46 88
4 7 63
4 20 94
4 35 9
4 44 86
4 48 77
4 58 26
5 3 94
5 15 73
5 20 90
5 32 45
5 39 25
5 40 53
5 47 89
5 48 27
5 53 33
5 58 39
6 3 94
6 15 15
6 18 70
6 21 66
6 29 100
6 32 99
6 37 33
6 45 44
6 56 86
6 59 10
7 4 6
7 6 73
7 15 35
7 16 13
7 17 62
7 27 4
7 37 79
7 38 93
7 41 6
7 47 88
7 57 93
8 33 6
8 36 52
8 57 26
9 9 99
9 10 52
9 12 59
9 14 15
9 23 51
9 24 83
9 30 43
9 34 44
9 37 77
9 38 21
9 41 10
9 50 71
9 54 5
9 58 27
9 60 75
10 8 28
10 11 9
10 26 10
10 32 47
10 36 15
10 40 50
10 43 60
10 51 55
10 55 40
11 3 55
11 12 12
11 16 48
11 34 45
11 38 78
11 47 40
12 6 42
12 12 9
12 16 1
12 19 100
12 21 81
12 25 56
12 28 72
12 43 48
12 52 25
13 2 78
13 3 99
13 5 81
13 6 43
13 13 44
13 19 19
13 28 40
13 29 11
13 36 67
13 37 17
13 45 85
13 50 6
13 56 4
13 59 18
14 27 82
14 33 83
14 39 56
14 56 35
14 59 10
15 3 78
15 15 15
15 20 15
15 26 64
15 28 18
15 54 83
15 58 32
16 2 30
16 4 39
16 11 51
16 12 72
16 19 12
16 27 24
16 43 81
16 44 2
16 51 36
16 60 11
17 5 61
17 9 98
17 17 57
17 19 29
17 22 95
17 41 77
17 44 100
17 45 78
17 50 41
17 55 58
17 59 95
18 6 77
18 23 49
18 25 23
18 31 58
18 37 43
18 48 10
18 54 92
18 60 82
19 6 73
19 11 27
19 16 34
19 22 35
19 25 26
19 28 14
19 34 32
19 40 78
20 5 60
20 9 84
20 13 34
20 51 18
20 58 72
21 2 95
21 18 4
21 24 47
21 50 10
21 53 73
22 3 70
22 16 1
22 22 49
22 24 13
22 44 63
22 47 52
22 50 81
23 26 100
23 29 90
23 45 40
23 46 29
24 18 12
24 20 27
24 21 75
24 25 56
24 36 30
24 43 33
24 52 9
24 56 41
25 5 74
25 12 11
25 16 2
25 26 9
25 27 69
25 30 6
25 40 23
25 42 25
25 50 14
25 54 90
25 59 98
26 7 71
26 15 66
26 18 90
26 23 94
26 26 45
26 46 18
27 16 83
27 20 60
27 24 40
27 26 55
27 29 60
27 37 38
27 40 50
28 8 96
28 29 81
28 51 58
29 1 100
29 6 51
29 9 72
29 18 53
29 27 71
29 47 17
29 48 37
29 49 80
29 57 30
30 5 60
30 14 80
30 24 12
30 33 54
30 39 83
30 40 80
30 41 87
30 42 74
30 43 45
30 50 59
30 53 89
31 3 74
31 6 91
31 14 93
31 19 87
31 36 55
31 38 94
31 41 79
31 60 91
32 8 95
32 20 43
32 22 68
32 29 2
32 52 13
33 4 71
33 25 24
33 31 97
33 38 76
33 41 49
33 50 53
33 58 70
33 59 10
34 1 58
34 2 30
34 23 66
34 35 86
34 56 78
35 5 83
35 6 55
35 20 25
35 25 11
35 33 61
35 42 60
35 48 91
35 49 73
36 2 31
36 5 8
36 6 71
36 14 35
36 18 80
36 20 70
36 25 18
36 26 83
36 27 1
36 31 46
36 37 46
36 48 89
37 3 8
37 10 46
37 23 11
37 26 8
37 41 96
37 49 99
37 60 5
38 14 35
38 27 5
38 28 42
38 31 54
38 43 31
38 45 25
38 48 19
39 13 94
39 16 89
39 19 83
39 21 71
39 23 21
39 31 17
39 33 72
39 38 40
39 39 95
39 49 72
39 55 17
40 8 57
40 15 63
40 16 82
40 38 29
40 45 38
40 51 73
40 52 8
40 56 13
40 59 56
41 1 57
41 8 28
41 11 42
41 22 36
41 27 89
41 29 73
41 41 34
41 50 75
41 57 43
41 59 43
42 6 6
42 8 34
42 9 20
42 14 53
42 21 91
42 36 46
42 37 74
42 56 17
42 57 67
43 2 62
43 11 55
43 13 39
43 16 15
43 17 18
43 19 87
43 21 19
43 27 62
43 29 74
43 30 47
43 31 50
43 39 48
43 44 42
44 10 1
44 21 36
44 23 94
44 25 77
44 28 55
44 30 62
44 31 17
44 34 29
44 44 24
45 11 51
45 16 40
45 17 29
45 28 6
45 32 24
45 36 81
45 42 69
45 45 30
45 59 60
46 7 65
46 15 86
46 16 65
46 54 1
47 4 34
47 16 52
47 19 49
47 27 40
47 47 99
47 49 70
47 60 37
48 13 59
48 14 94
48 15 76
48 21 4
48 25 69
48 31 97
48 36 13
48 39 3
48 41 85
48 51 3
49 5 74
49 18 97
49 19 64
49 35 51
49 37 84
49 58 15
50 12 18
50 13 32
50 30 46
50 33 90
50 36 27
50 50 74
50 55 98
50 56 40
50 59 70
50 60 87
51 18 32
51 28 50
51 34 9
51 35 30
51 48 28
52 5 7
52 6 91
52 26 67
52 45 62
52 57 93
53 9 32
53 23 51
53 24 92
53 37 71
53 57 44
54 12 6
54 16 77
54 22 79
54 26 17
54 49 65
54 53 78
54 56 59
55 10 20
55 11 4
55 14 41
55 19 63
55 52 17
55 58 92
56 15 29
56 26 30
56 56 85
57 11 65
57 22 24
57 45 74
57 48 74
58 1 55
58 6 58
58 12 19
58 14 53
58 23 24
58 32 72
58 42 67
58 51 59
58 56 40
58 59 29
59 12 73
59 14 30
59 25 71
59 31 71
60 15 38
60 20 11
60 33 6
60 34 43
60 45 46
60 50 75
60 55 96
60 57 32
60 59 71
0 0 0
